0.006283 0.000000 0.000000
0.012566 6.282891 6282.890625
0.018848 6.282394 -0.496387
0.025130 6.281651 -0.743389
0.031411 6.280658 -0.992775
0.037690 6.279420 -1.238346
0.043968 6.277930 -1.490116
0.050244 6.276194 -1.736164
0.056518 6.274212 -1.981735
0.062790 6.271976 -2.235413
0.069060 6.269507 -2.469540
0.075327 6.266772 -2.734661
0.081591 6.263800 -2.972603
0.087851 6.260581 -3.218651
0.094108 6.257116 -3.464699
0.100362 6.253391 -3.725052
0.106611 6.249435 -3.956318
0.112856 6.245225 -4.209518
0.119097 6.240770 -4.455566
0.125333 6.236061 -4.708767
0.131564 6.231129 -4.932404
0.137790 6.225928 -5.200386
0.144011 6.220490 -5.438804
0.150225 6.214797 -5.692482
0.156434 6.208867 -5.930423
0.162637 6.202697 -6.169319
0.168833 6.196275 -6.422042
0.175023 6.189614 -6.660938
0.181206 6.182700 -6.914138
0.187381 6.175548 -7.152557
0.193549 6.168142 -7.405757
0.199710 6.160497 -7.644653
0.205862 6.152615 -7.882595
0.212007 6.144494 -8.121014
0.218143 6.136104 -8.389473
0.224271 6.127506 -8.597851
0.230389 6.118655 -8.851528
0.236499 6.109550 -9.104252
0.242599 6.100222 -9.328365
0.248690 6.090641 -9.581566
0.254770 6.080821 -9.819508
0.260841 6.070763 -10.058402
0.266902 6.060481 -10.282039
0.272952 6.049931 -10.550021
0.278991 6.039142 -10.788440
0.285019 6.028145 -10.996818
0.291036 6.016880 -11.265277
0.297041 6.005406 -11.474132
0.303035 5.993694 -11.712073
0.309017 5.981683 -12.010573
0.314986 5.969524 -12.159347
0.320943 5.957067 -12.457370
0.326888 5.944401 -12.665748
0.332819 5.931526 -12.874602
0.338737 5.918354 -13.172626
0.344642 5.904972 -13.381480
0.350534 5.891382 -13.589858
0.356411 5.877554 -13.828277
0.362275 5.863487 -14.066695
0.368124 5.849153 -14.334678
0.373959 5.834639 -14.513968
0.379779 5.819887 -14.751910
0.385583 5.804896 -14.990806
0.391373 5.789667 -15.228747
0.397147 5.774230 -15.437602
0.402906 5.758554 -15.676021
0.408648 5.742639 -15.914439
0.414375 5.726516 -16.123295
0.420085 5.710155 -16.361237
0.425779 5.693584 -16.570091
0.431455 5.676746 -16.838551
0.437115 5.659729 -17.016888
0.442758 5.642473 -17.255783
0.448383 5.625009 -17.464161
0.453990 5.607277 -17.732143
0.459579 5.589396 -17.881393
0.465151 5.571216 -18.179417
0.470703 5.552858 -18.358231
0.476238 5.534291 -18.567085
0.481753 5.515456 -18.835068
0.487250 5.496472 -18.983841
0.492727 5.477220 -19.252300
0.498185 5.457758 -19.461155
0.503623 5.438119 -19.639492
0.509041 5.418241 -19.878387
0.514439 5.398094 -20.146368
0.519817 5.377829 -20.265577
0.525174 5.357265 -20.563601
0.530511 5.336582 -20.682810
0.535826 5.315601 -20.980833
0.541121 5.294501 -21.100042
0.546394 5.273103 -21.398066
0.551646 5.251526 -21.576880
0.556875 5.229771 -21.755693
0.562083 5.207717 -22.053717
0.567269 5.185604 -22.113321
0.572432 5.163192 -22.411345
0.577572 5.140602 -22.590158
0.582690 5.117774 -22.828577
0.587785 5.094766 -23.007391
0.592857 5.071580 -23.186205
0.597905 5.048155 -23.424623
0.602929 5.024552 -23.603437
0.607930 5.000770 -23.781775
0.612907 4.976749 -24.020670
0.617859 4.952610 -24.139879
0.622788 4.928172 -24.437902
0.627691 4.903555 -24.616716
0.632570 4.878819 -24.735926
0.637424 4.853845 -24.974344
0.642252 4.828691 -25.153158
0.647056 4.803300 -25.391577
0.651834 4.777789 -25.510786
0.656586 4.752040 -25.749205
0.661312 4.726112 -25.928019
0.666012 4.700005 -26.106833
0.670685 4.673719 -26.285646
0.675333 4.647195 -26.524065
0.679953 4.620612 -26.583670
0.684547 4.593730 -26.881693
0.689114 4.566669 -27.060507
0.693653 4.539549 -27.120111
0.698165 4.512131 -27.418135
0.702650 4.484534 -27.596949
0.707107 4.456818 -27.716158
0.711536 4.428923 -27.894972
0.715936 4.400790 -28.133390
0.720309 4.372537 -28.252600
0.724653 4.344106 -28.431414
0.728969 4.315495 -28.610228
0.733255 4.286766 -28.729437
0.737513 4.257739 -29.027460
0.741742 4.228652 -29.087065
0.745941 4.199386 -29.265879
0.750111 4.169941 -29.444693
0.754251 4.140317 -29.623507
0.758362 4.110515 -29.802320
0.762442 4.080653 -29.861925
0.766493 4.050493 -30.159948
0.770513 4.020214 -30.279158
0.774503 3.989815 -30.398605
0.778462 3.959238 -30.577181
0.782391 3.928542 -30.696390
0.786288 3.897607 -30.934809
0.790155 3.866613 -30.994413
0.793990 3.835380 -31.232832
0.797794 3.804028 -31.352041
0.801567 3.772557 -31.471251
0.805308 3.740906 -31.650064
0.809017 3.709137 -31.769274
0.812694 3.677189 -31.948088
0.816339 3.645062 -32.126904
0.819952 3.612876 -32.186508
0.823533 3.580451 -32.424927
0.827081 3.548026 -32.424927
0.830596 3.515303 -32.722950
0.834078 3.482520 -32.782555
0.837528 3.449619 -32.901764
0.840945 3.416538 -33.080578
0.844328 3.383398 -33.140182
0.847678 3.349960 -33.438206
0.850995 3.316581 -33.378601
0.854277 3.282964 -33.617020
0.857527 3.249228 -33.736229
0.860742 3.215372 -33.855438
0.863923 3.181398 -33.974648
0.867071 3.147244 -34.153461
0.870184 3.113091 -34.153461
0.873263 3.078699 -34.391880
0.876307 3.044247 -34.451485
0.879316 3.009617 -34.630299
0.882291 2.974927 -34.689903
0.885231 2.940058 -34.868717
0.888137 2.905130 -34.928322
0.891007 2.870083 -35.047531
0.893842 2.834916 -35.166740
0.896641 2.799630 -35.285950
0.899405 2.764225 -35.405159
0.902134 2.728700 -35.524368
0.904827 2.693057 -35.643578
0.907485 2.657413 -35.643578
0.910106 2.621531 -35.881996
0.912692 2.585649 -35.881996
0.915241 2.549529 -36.120415
0.917755 2.513468 -36.060810
0.920232 2.477229 -36.239384
0.922673 2.440929 -36.299229
0.925077 2.404451 -36.478043
0.927445 2.367914 -36.537647
0.929777 2.331376 -36.537647
0.932071 2.294600 -36.776066
0.934329 2.257824 -36.776066
0.936550 2.220988 -36.835670
0.938734 2.183974 -37.014484
0.940881 2.146900 -37.074089
0.942991 2.109766 -37.133694
0.945063 2.072513 -37.252903
0.947098 2.035260 -37.252903
0.949096 1.997828 -37.431835
0.951057 1.960337 -37.491322
0.952979 1.922846 -37.491322
0.954865 1.885235 -37.610531
0.956712 1.847505 -37.729740
0.958522 1.809716 -37.789345
0.960294 1.771867 -37.848949
0.962028 1.734018 -37.848949
0.963724 1.695990 -38.027763
0.965382 1.657963 -38.027763
0.967002 1.619875 -38.087368
0.968583 1.581669 -38.206577
0.970127 1.543403 -38.266182
0.971632 1.505136 -38.266182
0.973099 1.466811 -38.325787
0.974527 1.428366 -38.444996
0.975917 1.389861 -38.504601
0.977268 1.351356 -38.504601
0.978581 1.312792 -38.564205
0.979855 1.274168 -38.623810
0.981091 1.235425 -38.742897
0.982287 1.196742 -38.683414
0.983445 1.157939 -38.802624
0.984564 1.119137 -38.802624
0.985645 1.080275 -38.862228
0.986686 1.041353 -38.921833
0.987688 1.002371 -38.981438
0.988652 0.963390 -38.981495
0.989576 0.924408 -38.981438
0.990462 0.885308 -39.100647
0.991308 0.846207 -39.100647
0.992115 0.807047 -39.160252
0.992883 0.767887 -39.160252
0.993611 0.728726 -39.160252
0.994301 0.689447 -39.279461
0.994951 0.650227 -39.219856
0.995562 0.610948 -39.279400
0.996134 0.571668 -39.279461
0.996666 0.532269 -39.398670
0.997159 0.492990 -39.279488
0.997613 0.453591 -39.398670
0.998027 0.414252 -39.339066
0.998402 0.374794 -39.458275
0.998737 0.335395 -39.398670
0.999033 0.295997 -39.398640
0.999290 0.256538 -39.458275
0.999507 0.217080 -39.458286
0.999684 0.177622 -39.458275
0.999822 0.138164 -39.458260
0.999921 0.098646 -39.517883
0.999980 0.059247 -39.398666
1.000000 0.019729 -39.517879
0.999980 -0.019729 -39.458271
0.999921 -0.059247 -39.517879
0.999822 -0.098705 -39.458271
0.999684 -0.138164 -39.458279
0.999507 -0.177622 -39.458260
0.999289 -0.217080 -39.458275
0.999033 -0.256538 -39.458286
0.998737 -0.295937 -39.398670
0.998402 -0.335395 -39.458244
0.998027 -0.374854 -39.458275
0.997613 -0.414193 -39.339066
0.997159 -0.453591 -39.398670
0.996666 -0.492990 -39.398670
0.996134 -0.532329 -39.339092
0.995562 -0.571609 -39.279461
0.994951 -0.610948 -39.339066
0.994301 -0.650227 -39.279400
0.993611 -0.689447 -39.219856
0.992883 -0.728667 -39.219856
0.992115 -0.767887 -39.219856
0.991308 -0.807047 -39.160252
0.990462 -0.846207 -39.160252
0.989576 -0.885308 -39.100647
0.988652 -0.924349 -39.041042
0.987689 -0.963390 -39.041042
0.986686 -1.002371 -38.981495
0.985645 -1.041293 -38.921833
0.984565 -1.080275 -38.981438
0.983446 -1.119077 -38.802624
0.982288 -1.157939 -38.862228
0.981091 -1.196682 -38.743019
0.979855 -1.235425 -38.743019
0.978581 -1.274168 -38.742897
0.977269 -1.312733 -38.564205
0.975917 -1.351297 -38.564205
0.974527 -1.389861 -38.564205
0.973099 -1.428366 -38.504601
0.971632 -1.466691 -38.325787
0.970127 -1.505136 -38.444996
0.968584 -1.543403 -38.266182
0.967002 -1.581609 -38.206577
0.965382 -1.619816 -38.206577
0.963724 -1.657903 -38.087368
0.962029 -1.695990 -38.087368
0.960295 -1.733959 -37.968159
0.958523 -1.771808 -37.848949
0.956713 -1.809716 -37.908554
0.954866 -1.847446 -37.729740
0.952980 -1.885176 -37.729740
0.951058 -1.922786 -37.610531
0.949097 -1.960337 -37.550926
0.947100 -1.997769 -37.431717
0.945064 -2.035201 -37.431835
0.942992 -2.072453 -37.252903
0.940882 -2.109706 -37.252903
0.938735 -2.146900 -37.193298
0.936551 -2.183914 -37.014484
0.934330 -2.220869 -36.954880
0.932073 -2.257764 -36.895275
0.929778 -2.294600 -36.835670
0.927447 -2.331257 -36.656857
0.925079 -2.367914 -36.656857
0.922675 -2.404392 -36.478043
0.920234 -2.440810 -36.418438
0.917757 -2.477169 -36.358833
0.915243 -2.513408 -36.239384
0.912694 -2.549529 -36.120415
0.910108 -2.585530 -36.001205
0.907487 -2.621472 -35.941601
0.904829 -2.657294 -35.822392
0.902136 -2.693057 -35.762787
0.899408 -2.728641 -35.583973
0.896644 -2.764106 -35.464764
0.893844 -2.799570 -35.464764
0.891009 -2.834797 -35.226345
0.888139 -2.870023 -35.226345
0.885234 -2.905071 -35.047531
0.882294 -2.939999 -34.928322
0.879319 -2.974868 -34.868717
0.876310 -3.009557 -34.689903
0.873266 -3.044128 -34.570694
0.870187 -3.078639 -34.511089
0.867074 -3.112972 -34.332275
0.863927 -3.147185 -34.213066
0.860745 -3.181338 -34.153461
0.857530 -3.215253 -33.915043
0.854281 -3.249168 -33.915043
0.850998 -3.282845 -33.676624
0.847682 -3.316462 -33.617020
0.844332 -3.349960 -33.497810
0.840948 -3.383279 -33.318996
0.837532 -3.416419 -33.140182
0.834082 -3.449559 -33.140182
0.830600 -3.482401 -32.842159
0.827085 -3.515243 -32.842159
0.823537 -3.547907 -32.663345
0.819956 -3.580391 -32.484531
0.816344 -3.612756 -32.365322
0.812699 -3.645003 -32.246113
0.809022 -3.677070 -32.067299
0.805313 -3.709018 -31.948088
0.801572 -3.740847 -31.828878
0.797799 -3.772437 -31.590460
0.793995 -3.803968 -31.530855
0.790160 -3.835261 -31.292437
0.786294 -3.866493 -31.232832
0.782396 -3.897547 -31.054018
0.778468 -3.928363 -30.815599
0.774509 -3.959179 -30.815599
0.770519 -3.989696 -30.517576
0.766499 -4.020154 -30.458210
0.762448 -4.050374 -30.219553
0.758368 -4.080534 -30.159948
0.754257 -4.110396 -29.861925
0.750117 -4.140258 -29.861925
0.745947 -4.169822 -29.563902
0.741748 -4.199266 -29.444693
0.737520 -4.228532 -29.265879
0.733262 -4.257679 -29.146669
0.728975 -4.286587 -28.908251
0.724660 -4.315436 -28.848646
0.720316 -4.343987 -28.550623
0.715943 -4.372418 -28.431414
0.711543 -4.400730 -28.312204
0.707114 -4.428804 -28.073786
0.702657 -4.456699 -27.894972
0.698173 -4.484415 -27.716158
0.693661 -4.512012 -27.596949
0.689121 -4.539430 -27.418135
0.684555 -4.566550 -27.120111
0.679961 -4.593611 -27.060507
0.675341 -4.620492 -26.881693
0.670694 -4.647136 -26.643274
0.666020 -4.673600 -26.464460
0.661320 -4.699886 -26.285646
0.656594 -4.725993 -26.106833
0.651842 -4.751921 -25.928019
0.647064 -4.777670 -25.749205
0.642261 -4.803181 -25.510786
0.637433 -4.828572 -25.391577
0.632579 -4.853666 -25.093554
0.627700 -4.878700 -25.033949
0.622797 -4.903495 -24.795530
0.617869 -4.928052 -24.557112
0.612916 -4.952431 -24.378298
0.607940 -4.976630 -24.199484
0.602939 -5.000651 -24.020670
0.597915 -5.024433 -23.781775
0.592867 -5.048036 -23.603437
0.587795 -5.071461 -23.424623
0.582700 -5.094647 -23.186205
0.577583 -5.117714 -23.066996
0.572442 -5.140423 -22.709368
0.567279 -5.163073 -22.649763
0.562094 -5.185484 -22.411345
0.556886 -5.207598 -22.113321
0.551657 -5.229651 -22.053717
0.546405 -5.251407 -21.755693
0.541132 -5.272984 -21.576880
0.535838 -5.294322 -21.338461
0.530522 -5.315482 -21.159647
0.525186 -5.336463 -20.980833
0.519829 -5.357146 -20.682810
0.514451 -5.377709 -20.563601
0.509053 -5.397975 -20.265577
0.503635 -5.418121 -20.146368
0.498197 -5.437970 -19.848347
0.492739 -5.457639 -19.669533
0.487262 -5.477100 -19.461155
0.481766 -5.496353 -19.252300
0.476251 -5.515337 -18.983841
0.470716 -5.534172 -18.835068
0.465164 -5.552739 -18.567085
0.459593 -5.571097 -18.358231
0.454003 -5.589246 -18.149376
0.448396 -5.607158 -17.911434
0.442771 -5.624860 -17.702579
0.437129 -5.642354 -17.493725
0.431469 -5.659610 -17.255783
0.425793 -5.676627 -17.016888
0.420099 -5.693435 -16.808510
0.414389 -5.710035 -16.600132
0.408663 -5.726397 -16.361237
0.402920 -5.742520 -16.123295
0.397162 -5.758434 -15.914439
0.391388 -5.774080 -15.645980
0.385598 -5.789577 -15.497207
0.379793 -5.804777 -15.199183
0.373974 -5.819767 -14.990806
0.368139 -5.834549 -14.781951
0.362290 -5.849063 -14.513492
0.356427 -5.863368 -14.305114
0.350549 -5.877435 -14.066695
0.344658 -5.891293 -13.858317
0.338753 -5.904883 -13.589858
0.332835 -5.918264 -13.381003
0.326903 -5.931407 -13.143062
0.320959 -5.944282 -12.874602
0.315002 -5.956977 -12.695788
0.309033 -5.969405 -12.427329
0.303051 -5.981624 -12.218951
0.297058 -5.993575 -11.950969
0.291052 -6.005317 -11.742114
0.285035 -6.016790 -11.473655
0.279007 -6.028026 -11.235713
0.272968 -6.039053 -11.026858
0.266918 -6.049841 -10.788440
0.260858 -6.060361 -10.519980
0.254787 -6.070673 -10.311603
0.248707 -6.080731 -10.058402
0.242616 -6.090551 -9.819984
0.236516 -6.100118 -9.566307
0.230407 -6.109461 -9.343147
0.224288 -6.118566 -9.104729
0.218161 -6.127402 -8.836269
0.212025 -6.136030 -8.627892
0.205880 -6.144389 -8.359432
0.199728 -6.152525 -8.136272
0.193567 -6.160393 -7.867813
0.187399 -6.168052 -7.658958
0.181224 -6.175443 -7.390975
0.175041 -6.182596 -7.152557
0.168852 -6.189510 -6.914138
0.162655 -6.196186 -6.675720
0.156453 -6.202593 -6.407737
0.150244 -6.208762 -6.168842
0.144029 -6.214708 -5.945682
0.137809 -6.220385 -5.677223
0.131583 -6.225839 -5.454063
0.125352 -6.231025 -5.185604
0.119116 -6.235972 -4.947186
0.112876 -6.240673 -4.701138
0.106630 -6.245136 -4.462719
0.100381 -6.249338 -4.202366
0.094128 -6.253302 -3.963470
0.087871 -6.257020 -3.717899
0.081610 -6.260492 -3.472328
0.075347 -6.263710 -3.218651
0.069080 -6.266683 -2.972603
0.062810 -6.269410 -2.727031
0.056539 -6.271891 -2.480984
0.050264 -6.274122 -2.231121
0.043988 -6.276108 -1.985550
0.037710 -6.277844 -1.736164
0.031431 -6.279334 -1.490116
0.025151 -6.280573 -1.238823
0.018869 -6.281568 -0.994682
0.012587 -6.282310 -0.742912
0.006304 -6.282808 -0.497818
0.000021 -6.283057 -0.248432
-0.006262 -6.283245 -0.188351
-0.012545 -6.282811 0.434399
-0.018828 -6.282316 0.494480
-0.025109 -6.281571 0.744820
-0.031390 -6.280582 0.989437
-0.037669 -6.279342 1.240253
-0.043947 -6.277855 1.486301
-0.050223 -6.276119 1.736164
-0.056497 -6.274137 1.981735
-0.062769 -6.271906 2.231598
-0.069038 -6.269425 2.480984
-0.075305 -6.266706 2.719402
-0.081569 -6.263732 2.973079
-0.087829 -6.260507 3.225803
-0.094086 -6.257050 3.457069
-0.100340 -6.253324 3.725528
-0.106589 -6.249368 3.956318
-0.112834 -6.245158 4.209518
-0.119075 -6.240710 4.447937
-0.125311 -6.236009 4.701138
-0.131542 -6.231054 4.954815
-0.137768 -6.225869 5.185604
-0.143988 -6.220415 5.453586
-0.150203 -6.214753 5.662441
-0.156412 -6.208807 5.945682
-0.162615 -6.202638 6.169319
-0.168811 -6.196216 6.422042
-0.175000 -6.189555 6.660938
-0.181183 -6.182641 6.914138
-0.187359 -6.175503 7.137775
-0.193527 -6.168097 7.405757
-0.199687 -6.160453 7.644176
-0.205840 -6.152570 7.883071
-0.211984 -6.144449 8.121014
-0.218120 -6.136075 8.374214
-0.224248 -6.127476 8.598328
-0.230366 -6.118610 8.865833
-0.236476 -6.109520 9.089947
-0.242576 -6.100193 9.327888
-0.248667 -6.090611 9.581566
-0.254747 -6.080791 9.819984
-0.260818 -6.070733 10.058402
-0.266879 -6.060451 10.281562
-0.272928 -6.049901 10.550021
-0.278968 -6.039113 10.788440
-0.284996 -6.028115 10.997294
-0.291013 -6.016880 11.235236
-0.297018 -6.005376 11.503695
-0.303012 -5.993664 11.712550
-0.308993 -5.981683 11.980533
-0.314963 -5.969494 12.188910
-0.320920 -5.957037 12.457370
-0.326864 -5.944401 12.636184
-0.332796 -5.931496 12.904643
-0.338714 -5.918354 13.142585
-0.344619 -5.904972 13.381480
-0.350510 -5.891353 13.619422
-0.356388 -5.877554 13.798713
-0.362251 -5.863458 14.096259
-0.368101 -5.849153 14.305114
-0.373935 -5.834639 14.513968
-0.379755 -5.819887 14.751910
-0.385560 -5.804866 15.020370
-0.391350 -5.789667 15.199183
-0.397124 -5.774199 15.467643
-0.402882 -5.758523 15.676021
-0.408625 -5.742639 15.884398
-0.414351 -5.726486 16.152859
-0.420062 -5.710155 16.331673
-0.425755 -5.693554 16.600132
-0.431432 -5.676746 16.808510
-0.437092 -5.659699 17.046928
-0.442734 -5.642473 17.225742
-0.448359 -5.624979 17.493725
-0.453966 -5.607277 17.702579
-0.459556 -5.589365 17.911434
-0.465127 -5.571216 18.149376
-0.470680 -5.552858 18.358231
-0.476214 -5.534291 18.567085
-0.481730 -5.515486 18.805027
-0.487226 -5.496442 19.043922
-0.492703 -5.477220 19.222260
-0.498161 -5.457788 19.431114
-0.503599 -5.438089 19.699574
-0.509017 -5.418241 19.848347
-0.514416 -5.398154 20.086763
-0.519793 -5.377829 20.325182
-0.525151 -5.357265 20.563601
-0.530487 -5.336582 20.682810
-0.535803 -5.315661 20.921228
-0.541097 -5.294442 21.219252
-0.546370 -5.273163 21.278856
-0.551622 -5.251526 21.636484
-0.556852 -5.229771 21.755693
-0.562060 -5.207777 21.994112
-0.567245 -5.185604 22.172926
-0.572408 -5.163252 22.351740
-0.577549 -5.140602 22.649763
-0.582667 -5.117774 22.828577
-0.587762 -5.094826 22.947786
-0.592833 -5.071640 23.186205
-0.597881 -5.048155 23.484228
-0.602906 -5.024611 23.543833
-0.607907 -5.000830 23.781775
-0.612884 -4.976809 24.020670
-0.617836 -4.952610 24.199484
-0.622764 -4.928172 24.437902
-0.627668 -4.903674 24.497507
-0.632547 -4.878819 24.855135
-0.637401 -4.853904 24.914740
-0.642229 -4.828691 25.212763
-0.647033 -4.803360 25.331972
-0.651811 -4.777849 25.510786
-0.656563 -4.752100 25.749205
-0.661289 -4.726171 25.928019
-0.665989 -4.700065 26.106833
-0.670663 -4.673779 26.285646
-0.675310 -4.647255 26.524065
-0.679931 -4.620671 26.583670
-0.684525 -4.593790 26.881693
-0.689091 -4.566789 27.000902
-0.693631 -4.539549 27.239321
-0.698143 -4.512191 27.358530
-0.702628 -4.484594 27.596949
-0.707085 -4.456937 27.656553
-0.711514 -4.428983 27.954576
-0.715914 -4.400849 28.133390
-0.720287 -4.372656 28.192995
-0.724631 -4.344165 28.491018
-0.728947 -4.315555 28.610228
-0.733234 -4.286826 28.729437
-0.737491 -4.257858 28.967855
-0.741720 -4.228771 29.087065
-0.745920 -4.199445 29.325483
-0.750090 -4.170001 29.444693
-0.754230 -4.140437 29.563902
-0.758341 -4.110634 29.802320
-0.762421 -4.080713 29.921530
-0.766472 -4.050553 30.159948
-0.770492 -4.020333 30.219553
-0.774482 -3.989935 30.398605
-0.778442 -3.959358 30.577181
-0.782370 -3.928602 30.755995
-0.786268 -3.897726 30.875204
-0.790135 -3.866732 30.994413
-0.793970 -3.835499 31.232832
-0.797774 -3.804147 31.352041
-0.801547 -3.772676 31.471251
-0.805288 -3.740966 31.709669
-0.808997 -3.709256 31.709669
-0.812675 -3.677308 31.948088
-0.816320 -3.645181 32.126904
-0.819933 -3.612995 32.186508
-0.823513 -3.580630 32.365322
-0.827061 -3.548085 32.544136
-0.830577 -3.515422 32.663345
-0.834060 -3.482699 32.722950
-0.837509 -3.449738 32.961369
-0.840926 -3.416657 33.080578
-0.844310 -3.383517 33.140182
-0.847660 -3.350138 33.378601
-0.850976 -3.316641 33.497810
-0.854259 -3.283143 33.497810
-0.857509 -3.249347 33.795834
-0.860724 -3.215492 33.855438
-0.863906 -3.181576 33.915043
-0.867053 -3.147423 34.153461
-0.870166 -3.113210 34.213066
-0.873245 -3.078818 34.391880
-0.876290 -3.044367 34.451485
-0.879299 -3.009796 34.570694
-0.882275 -2.975046 34.749508
-0.885215 -2.940297 34.749508
-0.888120 -2.905249 35.047531
-0.890990 -2.870261 34.987926
-0.893825 -2.835035 35.226345
-0.896625 -2.799809 35.226345
-0.899390 -2.764344 35.464764
-0.902118 -2.728879 35.464764
-0.904812 -2.693295 35.583973
-0.907469 -2.657532 35.762787
-0.910091 -2.621710 35.822392
-0.912677 -2.585768 35.941601
-0.915226 -2.549767 36.001205
-0.917740 -2.513647 36.120415
-0.920218 -2.477407 36.239384
-0.922659 -2.441049 36.358833
-0.925063 -2.404630 36.418438
-0.927431 -2.368152 36.478043
-0.929763 -2.331495 36.656857
-0.932058 -2.294838 36.656857
-0.934316 -2.258003 36.835670
-0.936537 -2.221167 36.835670
-0.938721 -2.184153 37.014484
-0.940868 -2.147079 37.074089
-0.942978 -2.109945 37.133694
-0.945051 -2.072752 37.193298
-0.947086 -2.035439 37.312508
-0.949084 -1.998007 37.431835
-0.951045 -1.960575 37.431717
-0.952968 -1.923025 37.550926
-0.954853 -1.885414 37.610531
-0.956701 -1.847744 37.670135
-0.958511 -1.809895 37.848949
-0.960283 -1.772106 37.789345
-0.962017 -1.734197 37.908554
-0.963713 -1.696229 37.968159
-0.965372 -1.658201 38.027763
-0.966992 -1.620054 38.146973
-0.968574 -1.581848 38.206577
-0.970117 -1.543641 38.206577
-0.971623 -1.505375 38.266182
-0.973090 -1.466989 38.385391
-0.974518 -1.428604 38.385391
-0.975908 -1.390099 38.504601
-0.977260 -1.351595 38.504601
-0.978573 -1.312971 38.623810
-0.979847 -1.274407 38.564205
-0.981083 -1.235664 38.742897
-0.982280 -1.196980 38.683414
-0.983438 -1.158178 38.802624
-0.984557 -1.119375 38.802624
-0.985638 -1.080453 38.921833
-0.986679 -1.041591 38.862228
-0.987682 -1.002669 38.921833
-0.988646 -0.963628 39.041100
-0.989570 -0.924587 39.041042
-0.990456 -0.885546 39.041042
-0.991302 -0.846446 39.100647
-0.992110 -0.807345 39.100647
-0.992878 -0.768125 39.219856
-0.993607 -0.728965 39.160252
-0.994296 -0.689685 39.279461
-0.994947 -0.650465 39.219856
-0.995558 -0.611246 39.219795
-0.996130 -0.571847 39.398670
-0.996663 -0.532568 39.279461
-0.997156 -0.493228 39.339092
-0.997610 -0.453889 39.339066
-0.998024 -0.414431 39.458275
-0.998399 -0.375092 39.339066
-0.998735 -0.335693 39.398670
-0.999031 -0.296235 39.458244
-0.999288 -0.256777 39.458275
-0.999505 -0.217319 39.458286
-0.999683 -0.177920 39.398670
-0.999822 -0.138402 39.517864
-0.999920 -0.098944 39.458279
-0.999980 -0.059485 39.458271
-1.000000 -0.020027 39.458275
-0.999981 0.019491 39.517879
-0.999922 0.058949 39.458271
-0.999823 0.098407 39.458271
-0.999685 0.137925 39.517883
-0.999508 0.177324 39.398655
-0.999291 0.216842 39.517879
-0.999035 0.256240 39.398682
-0.998739 0.295699 39.458275
-0.998404 0.335157 39.458244
-0.998029 0.374556 39.398670
-0.997615 0.413954 39.398670
-0.997162 0.453293 39.339066
-0.996669 0.492692 39.398670
-0.996137 0.532031 39.339092
-0.995566 0.571370 39.339066
-0.994955 0.610709 39.339066
-0.994305 0.649929 39.219795
-0.993616 0.689208 39.279461
-0.992888 0.728428 39.219856
-0.992120 0.767589 39.160252
-0.991313 0.806808 39.219856
-0.990467 0.845909 39.100647
-0.989582 0.885010 39.100647
-0.988658 0.924110 39.100647
-0.987695 0.963092 38.981438
-0.986693 1.002133 39.041100
-0.985652 1.041055 38.921833
-0.984572 1.079977 38.921833
-0.983453 1.118839 38.862228
-0.982296 1.157641 38.802624
-0.981099 1.196444 38.802624
-0.979864 1.235187 38.743019
-0.978590 1.273811 38.623688
-0.977278 1.312494 38.683414
-0.975927 1.351058 38.564205
-0.974537 1.389623 38.564205
-0.973109 1.428068 38.444996
-0.971642 1.466453 38.385391
-0.970138 1.504838 38.385391
-0.968594 1.543164 38.325787
-0.967013 1.581371 38.206577
-0.965394 1.619518 38.146973
-0.963736 1.657665 38.146973
-0.962040 1.695692 38.027763
-0.960307 1.733720 38.027763
-0.958535 1.771569 37.848949
-0.956725 1.809478 37.908554
-0.954878 1.847148 37.670135
-0.952993 1.884937 37.789345
-0.951071 1.922488 37.550926
-0.949111 1.960099 37.610531
-0.947113 1.997530 37.431717
-0.945078 2.034903 37.372231
-0.943006 2.072275 37.372112
-0.940897 2.109408 37.133694
-0.938750 2.146661 37.252903
-0.936566 2.183616 36.954880
-0.934346 2.220631 37.014484
-0.932088 2.257526 36.895275
-0.929794 2.294362 36.835670
-0.927463 2.331018 36.656857
-0.925095 2.367616 36.597252
-0.922691 2.404153 36.537647
-0.920251 2.440572 36.418438
-0.917774 2.476931 36.358833
-0.915260 2.513170 36.239384
-0.912711 2.549231 36.060810
-0.910126 2.585351 36.120415
-0.907505 2.621233 35.881996
-0.904848 2.657056 35.822392
-0.902155 2.692759 35.703182
-0.899426 2.728402 35.643578
-0.896662 2.763927 35.524368
-0.893863 2.799272 35.345554
-0.891029 2.834618 35.345554
-0.888159 2.869725 35.107136
-0.885254 2.904832 35.107136
-0.882314 2.939760 34.928322
-0.879340 2.974629 34.868717
-0.876330 3.009319 34.689903
-0.873286 3.043890 34.570694
-0.870208 3.078401 34.511089
-0.867095 3.112733 34.332275
-0.863948 3.147006 34.272671
-0.860767 3.181040 34.034252
-0.857552 3.215074 34.034252
-0.854303 3.248930 33.855438
-0.851021 3.282606 33.676624
-0.847704 3.316223 33.617020
-0.844355 3.349721 33.497810
-0.840972 3.383040 33.318996
-0.837555 3.416240 33.199787
-0.834106 3.449261 33.020973
-0.830624 3.482222 32.961369
-0.827109 3.515064 32.842159
-0.823561 3.547668 32.603741
-0.819981 3.580153 32.484531
-0.816369 3.612518 32.365322
-0.812724 3.644824 32.305717
-0.809047 3.676831 32.007694
-0.805338 3.708839 32.007694
-0.801597 3.740549 31.709669
-0.797825 3.772259 31.709669
-0.794021 3.803730 31.471251
-0.790186 3.835082 31.352041
-0.786320 3.866255 31.173227
-0.782423 3.897309 31.054018
-0.778495 3.928244 30.934809
-0.774536 3.958940 30.696390
-0.770546 3.989458 30.517576
-0.766526 4.019976 30.517815
-0.762476 4.050195 30.219553
-0.758396 4.080296 30.100344
-0.754286 4.110217 29.921530
-0.750145 4.140019 29.802320
-0.745976 4.169583 29.563902
-0.741777 4.199088 29.504297
-0.737548 4.228354 29.265879
-0.733291 4.257441 29.087065
-0.729005 4.286468 29.027460
-0.724689 4.315197 28.729437
-0.720346 4.343808 28.610228
-0.715973 4.372239 28.431414
-0.711573 4.400492 28.252600
-0.707144 4.428625 28.133390
-0.702688 4.456520 27.894972
-0.698203 4.484236 27.716158
-0.693692 4.511833 27.596949
-0.689152 4.539192 27.358530
-0.684586 4.566371 27.179716
-0.679993 4.593432 27.060507
-0.675372 4.620314 26.881693
-0.670725 4.646957 26.643274
-0.666052 4.673421 26.464460
-0.661352 4.699707 26.285646
-0.656626 4.725814 26.106833
-0.651875 4.751742 25.928019
-0.647097 4.777491 25.749205
-0.642294 4.803002 25.510786
-0.637466 4.828393 25.391577
-0.632612 4.853547 25.153158
-0.627734 4.878521 24.974344
-0.622830 4.903257 24.735926
-0.617903 4.927933 24.676321
-0.612950 4.952252 24.318693
-0.607974 4.976511 24.259089
-0.602973 5.000472 23.961065
-0.597949 5.024254 23.781775
-0.592901 5.047917 23.663042
-0.587830 5.071282 23.365019
-0.582735 5.094468 23.186205
-0.577618 5.117535 23.066996
-0.572478 5.140304 22.768972
-0.567315 5.162894 22.590158
-0.562129 5.185306 22.411345
-0.556922 5.207479 22.172926
-0.551692 5.229473 21.994112
-0.546441 5.251288 21.815298
-0.541168 5.272805 21.517275
-0.535874 5.294203 21.398066
-0.530559 5.315363 21.159647
-0.525222 5.336284 20.921228
-0.519865 5.357027 20.742414
-0.514488 5.377590 20.563601
-0.509090 5.397856 20.265577
-0.503672 5.417943 20.086763
-0.498234 5.437850 19.907951
-0.492777 5.457520 19.669533
-0.487300 5.476951 19.431114
-0.481803 5.496203 19.252300
-0.476288 5.515217 19.013882
-0.470754 5.534023 18.805504
-0.465202 5.552619 18.596649
-0.459631 5.570978 18.358231
-0.454042 5.589127 18.149376
-0.448434 5.607038 17.911434
-0.442810 5.624741 17.702579
-0.437167 5.642235 17.493725
-0.431508 5.659491 17.255783
-0.425831 5.676507 17.016888
-0.420138 5.693346 16.838551
-0.414428 5.709916 16.570091
-0.408702 5.726277 16.361237
-0.402960 5.742401 16.123295
-0.397201 5.758315 15.914439
-0.391427 5.773991 15.676021
-0.385638 5.789458 15.467166
-0.379833 5.804688 15.229224
-0.374013 5.819678 14.990329
-0.368179 5.834430 14.752387
-0.362330 5.848974 14.543532
-0.356467 5.863279 14.305114
-0.350589 5.877346 14.066695
-0.344698 5.891174 13.828277
-0.338793 5.904793 13.619422
-0.332875 5.918175 13.381480
-0.326944 5.931317 13.142585
-0.321000 5.944222 12.904643
-0.315043 5.956888 12.665748
-0.309074 5.969316 12.427806
-0.303092 5.981534 12.218951
-0.297098 5.993485 11.950492
-0.291093 6.005227 11.742114
-0.285077 6.016701 11.474132
-0.279049 6.027966 11.265277
-0.273010 6.038993 11.026858
-0.266960 6.049752 10.758399
-0.260900 6.060302 10.550021
-0.254829 6.070613 10.311603
-0.248748 6.080657 10.043620
-0.242658 6.090477 9.819984
-0.236558 6.100058 9.581089
-0.230448 6.109401 9.343147
-0.224330 6.118491 9.089947
-0.218202 6.127357 8.865833
-0.212067 6.135955 8.598328
-0.205922 6.144344 8.388996
-0.199770 6.152466 8.121490
-0.193609 6.160348 7.882595
-0.187441 6.167993 7.644176
-0.181266 6.175398 7.405757
-0.175083 6.182551 7.152557
-0.168894 6.189465 6.914138
-0.162698 6.196126 6.660938
-0.156495 6.202549 6.422519
-0.150287 6.208733 6.184101
-0.144072 6.214663 5.930423
-0.137852 6.220356 5.692482
-0.131626 6.225794 5.438804
-0.125395 6.230995 5.200386
-0.119159 6.235935 4.940033
-0.112918 6.240644 4.708767
-0.106673 6.245106 4.462719
-0.100424 6.249308 4.201889
-0.094170 6.253280 3.971576
-0.087913 6.256997 3.717422
-0.081653 6.260462 3.464699
-0.075389 6.263688 3.226280
-0.069123 6.266668 2.980232
-0.062853 6.269395 2.726555
-0.056581 6.271873 2.477646
-0.050307 6.274111 2.238750
-0.044031 6.276093 1.981735
-0.037753 6.277833 1.739979
-0.031474 6.279323 1.490116
-0.025193 6.280567 1.244068
-0.018912 6.281560 0.992775
-0.012630 6.282307 0.746727
-0.006347 6.282805 0.498772
-0.000064 6.283056 0.250816
0.006220 6.283433 0.377178
0.012503 6.283187 -0.246048
0.018786 6.282693 -0.494003
0.025068 6.281953 -0.740528
0.031349 6.280962 -0.990868
0.037628 6.279725 -1.236916
0.043906 6.278239 -1.486301
0.050183 6.276506 -1.732349
0.056457 6.274525 -1.981735
0.062730 6.272294 -2.231121
0.069000 6.269820 -2.473831
0.075267 6.267093 -2.727031
0.081531 6.264128 -2.964973
0.087792 6.260901 -3.226280
0.094049 6.257437 -3.464699
0.100303 6.253726 -3.710270
0.106553 6.249763 -3.963470
0.112798 6.245561 -4.202366
0.119039 6.241098 -4.462719
0.125276 6.236412 -4.686356
0.131507 6.231457 -4.954815
0.137733 6.226256 -5.200386
0.143954 6.220832 -5.424022
0.150169 6.215140 -5.692482
0.156379 6.209224 -5.915641
0.162582 6.203040 -6.184101
0.168778 6.196618 -6.422519
0.174968 6.189957 -6.660461
0.181151 6.183058 -6.899356
0.187327 6.175890 -7.167339
0.193496 6.168499 -7.390975
0.199657 6.160870 -7.629394
0.205810 6.152972 -7.897853
0.211954 6.144866 -8.106232
0.218091 6.136477 -8.389473
0.224219 6.127879 -8.597851
0.230338 6.119012 -8.866310
0.236448 6.109938 -9.074688
0.242548 6.100595 -9.343147
0.248639 6.091013 -9.581089
0.254721 6.081208 -9.805202
0.260792 6.071120 -10.087966
0.266853 6.060868 -10.251998
0.272903 6.050288 -10.580062
0.278942 6.039559 -10.728835
0.284971 6.028503 -11.056422
0.290988 6.017267 -11.235713
0.296994 6.005794 -11.473655
0.302988 5.994051 -11.742114
0.308970 5.982100 -11.950969
0.314940 5.969882 -12.218951
0.320897 5.957484 -12.397765
0.326842 5.944788 -12.695788
0.332774 5.931884 -12.904166
0.338693 5.918741 -13.143062
0.344598 5.905389 -13.351439
0.350490 5.891770 -13.619422
0.356368 5.877912 -13.858317
0.362232 5.863875 -14.036654
0.368081 5.849570 -14.305114
0.373916 5.835026 -14.543532
0.379737 5.820244 -14.781951
0.385542 5.805284 -14.960765
0.391332 5.790054 -15.229224
0.397107 5.774587 -15.467166
0.402866 5.758941 -15.646457
0.408609 5.742997 -15.944003
0.414335 5.726903 -16.093254
0.420046 5.710512 -16.391277
0.425740 5.693942 -16.570091
0.431417 5.677134 -16.808510
0.437077 5.660087 -17.046928
0.442720 5.642861 -17.225742
0.448345 5.625367 -17.494202
0.453953 5.607635 -17.732143
0.459543 5.589753 -17.881393
0.465114 5.571603 -18.149853
0.470668 5.553216 -18.387794
0.476202 5.534648 -18.567085
0.481718 5.515843 -18.805027
0.487215 5.496830 -19.013882
0.492692 5.477607 -19.222736
0.498151 5.458116 -19.490719
0.503589 5.438506 -19.609928
0.509008 5.418539 -19.967556
0.514406 5.398511 -20.027161
0.519784 5.378186 -20.325182
0.525142 5.357682 -20.503996
0.530479 5.336880 -20.802019
0.535795 5.316019 -20.861624
0.541090 5.294799 -21.219252
0.546363 5.273461 -21.338461
0.551615 5.251884 -21.576880
0.556845 5.230128 -21.755693
0.562053 5.208134 -21.994112
0.567239 5.185961 -22.172926
0.572403 5.163490 -22.470949
0.577544 5.140960 -22.530554
0.582662 5.118131 -22.828577
0.587757 5.095124 -23.007391
0.592829 5.071938 -23.186205
0.597877 5.048513 -23.424623
0.602902 5.024969 -23.543833
0.607903 5.001068 -23.900984
0.612881 4.977107 -23.961065
0.617834 4.952967 -24.139879
0.622762 4.928470 -24.497507
0.627666 4.903972 -24.497507
0.632545 4.879117 -24.855135
0.637399 4.854202 -24.914740
0.642228 4.828990 -25.212763
0.647032 4.803658 -25.331972
0.651810 4.778147 -25.510786
0.656562 4.752338 -25.808809
0.661289 4.726470 -25.868414
0.665989 4.700363 -26.106833
0.670663 4.674017 -26.345251
0.675311 4.647613 -26.404856
0.679932 4.620910 -26.702879
0.684526 4.594028 -26.881693
0.689093 4.567087 -26.941298
0.693633 4.539788 -27.298925
0.698145 4.512429 -27.358530
0.702630 4.484892 -27.537344
0.707087 4.457176 -27.716158
0.711516 4.429221 -27.954576
0.715918 4.401088 -28.133390
0.720290 4.372895 -28.192995
0.724635 4.344404 -28.491018
0.728951 4.315853 -28.550623
0.733238 4.287004 -28.848646
0.737496 4.258096 -28.908251
0.741725 4.228950 -29.146669
0.745924 4.199684 -29.265879
0.750095 4.170239 -29.444693
0.754235 4.140615 -29.623507
0.758346 4.110873 -29.742716
0.762427 4.080892 -29.981134
0.766478 4.050791 -30.100344
0.770498 4.020512 -30.279158
0.774488 3.990113 -30.398605
0.778448 3.959536 -30.577181
0.782377 3.928840 -30.696390
0.786275 3.897905 -30.934809
0.790142 3.866851 -31.054018
0.793977 3.835678 -31.173227
0.797782 3.804326 -31.352041
0.801554 3.772795 -31.530855
0.805296 3.741205 -31.590460
0.809005 3.709376 -31.828878
0.812682 3.677428 -31.948088
0.816328 3.645360 -32.067299
0.819941 3.613114 -32.246113
0.823522 3.580749 -32.365322
0.827070 3.548264 -32.484531
0.830585 3.515601 -32.663345
0.834068 3.482759 -32.842159
0.837518 3.449857 -32.901764
0.840935 3.416776 -33.080578
0.844319 3.383636 -33.140182
0.847669 3.350258 -33.378601
0.850986 3.316760 -33.497810
0.854269 3.283202 -33.557415
0.857518 3.249466 -33.736229
0.860734 3.215611 -33.855438
0.863915 3.181636 -33.974648
0.867063 3.147483 -34.153461
0.870176 3.113270 -34.213066
0.873255 3.078937 -34.332275
0.876300 3.044426 -34.511089
0.879309 3.009856 -34.570694
0.882285 2.975166 -34.689903
0.885225 2.940297 -34.868717
0.888130 2.905309 -34.987926
0.891001 2.870321 -34.987926
0.893836 2.835095 -35.226345
0.896635 2.799809 -35.285950
0.899400 2.764404 -35.405159
0.902129 2.728939 -35.464764
0.904822 2.693236 -35.703182
0.907480 2.657592 -35.643578
0.910101 2.621710 -35.881996
0.912687 2.585828 -35.881996
0.915237 2.549767 -36.060810
0.917750 2.513587 -36.180019
0.920228 2.477407 -36.179779
0.922669 2.441049 -36.358833
0.925074 2.404630 -36.418438
0.927442 2.368152 -36.478043
0.929773 2.331495 -36.656857
0.932068 2.294779 -36.716461
0.934326 2.257943 -36.835670
0.936547 2.221107 -36.835670
0.938731 2.184153 -36.954880
0.940878 2.147019 -37.133694
0.942988 2.109945 -37.074089
0.945061 2.072632 -37.312508
0.947096 2.035379 -37.252903
0.949094 1.997948 -37.431835
0.951055 1.960516 -37.431717
0.952978 1.922965 -37.550926
0.954863 1.885295 -37.670135
0.956711 1.847625 -37.670135
0.958520 1.809895 -37.729740
0.960292 1.771986 -37.908554
0.962026 1.734078 -37.908554
0.963723 1.696110 -37.968159
0.965381 1.658082 -38.027763
0.967001 1.619935 -38.146973
0.968582 1.581788 -38.146973
0.970126 1.543522 -38.266182
0.971631 1.505196 -38.325787
0.973098 1.466870 -38.325787
0.974526 1.428425 -38.444996
0.975916 1.389980 -38.444996
0.977268 1.351416 -38.564205
0.978581 1.312852 -38.564205
0.979855 1.274228 -38.623810
0.981090 1.235545 -38.683292
0.982287 1.196742 -38.802624
0.983445 1.158059 -38.683414
0.984564 1.119137 -38.921833
0.985645 1.080334 -38.802624
0.986686 1.041412 -38.921833
0.987689 1.002431 -38.981438
0.988652 0.963390 -39.041100
0.989576 0.924408 -38.981438
0.990462 0.885367 -39.041042
0.991308 0.846207 -39.160252
0.992115 0.807106 -39.100647
0.992883 0.767946 -39.160252
0.993612 0.728726 -39.219856
0.994301 0.689447 -39.279461
0.994951 0.650227 -39.219856
0.995562 0.610948 -39.279400
0.996134 0.571668 -39.279461
0.996666 0.532329 -39.339066
0.997159 0.492930 -39.398697
0.997613 0.453591 -39.339066
0.998027 0.414252 -39.339066
0.998402 0.374794 -39.458275
0.998737 0.335395 -39.398670
0.999033 0.295937 -39.458244
0.999290 0.256538 -39.398670
0.999507 0.217020 -39.517891
0.999684 0.177622 -39.398670
0.999822 0.138104 -39.517864
0.999921 0.098646 -39.458279
0.999980 0.059187 -39.458271
1.000000 0.019670 -39.517879
0.999980 -0.019789 -39.458271
0.999921 -0.059307 -39.517879
0.999822 -0.098705 -39.398666
0.999684 -0.138223 -39.517883
0.999506 -0.177741 -39.517864
0.999289 -0.217140 -39.398670
0.999032 -0.256598 -39.458286
0.998736 -0.296056 -39.458275
0.998401 -0.335515 -39.458244
0.998026 -0.374913 -39.398670
0.997612 -0.414312 -39.398670
0.997158 -0.453711 -39.398670
0.996665 -0.493050 -39.339066
0.996132 -0.532448 -39.398697
0.995561 -0.571728 -39.279461
0.994950 -0.611067 -39.339066
0.994299 -0.650346 -39.279400
0.993610 -0.689566 -39.219856
0.992881 -0.728846 -39.279461
0.992113 -0.768006 -39.160252
0.991306 -0.807226 -39.219856
0.990459 -0.846326 -39.100647
0.989574 -0.885427 -39.100647
0.988649 -0.924528 -39.100647
0.987686 -0.963509 -38.981438
0.986683 -1.002550 -39.041100
0.985642 -1.041472 -38.921833
0.984561 -1.080453 -38.981438
0.983442 -1.119256 -38.802624
0.982284 -1.158118 -38.862228
0.981087 -1.196921 -38.802624
0.979852 -1.235604 -38.683414
0.978577 -1.274288 -38.683292
0.977264 -1.312971 -38.683414
0.975913 -1.351535 -38.564205
0.974523 -1.390099 -38.564205
0.973094 -1.428544 -38.444996
0.971627 -1.466930 -38.385391
0.970122 -1.505315 -38.385391
0.968578 -1.543641 -38.325787
0.966996 -1.581848 -38.206577
0.965376 -1.620054 -38.206577
0.963718 -1.658201 -38.146973
0.962022 -1.696169 -37.968159
0.960288 -1.734197 -38.027763
0.958516 -1.772106 -37.908554
0.956706 -1.809955 -37.848949
0.954858 -1.847744 -37.789345
0.952973 -1.885414 -37.670135
0.951050 -1.923025 -37.610531
0.949089 -1.960635 -37.610531
0.947091 -1.998067 -37.431717
0.945055 -2.035439 -37.372231
0.942983 -2.072811 -37.372112
0.940873 -2.110004 -37.193298
0.938725 -2.147138 -37.133694
0.936541 -2.184212 -37.074089
0.934320 -2.221167 -36.954880
0.932062 -2.258122 -36.954880
0.929767 -2.294838 -36.716461
0.927435 -2.331614 -36.776066
0.925067 -2.368212 -36.597252
0.922662 -2.404749 -36.537647
0.920221 -2.441108 -36.358833
0.917744 -2.477527 -36.418438
0.915230 -2.513706 -36.179779
0.912680 -2.549886 -36.180019
0.910094 -2.585888 -36.001205
0.907473 -2.621829 -35.941601
0.904815 -2.657652 -35.822392
0.902122 -2.693355 -35.703182
0.899393 -2.728998 -35.643578
0.896628 -2.764523 -35.524368
0.893828 -2.799928 -35.405159
0.890993 -2.835154 -35.226345
0.888123 -2.870381 -35.226345
0.885217 -2.905428 -35.047531
0.882277 -2.940416 -34.987926
0.879301 -2.975225 -34.809113
0.876292 -3.009915 -34.689903
0.873247 -3.044545 -34.630299
0.870168 -3.079057 -34.511089
0.867055 -3.113329 -34.272671
0.863907 -3.147602 -34.272671
0.860725 -3.181755 -34.153461
0.857510 -3.215670 -33.915043
0.854260 -3.249585 -33.915043
0.850977 -3.283262 -33.676624
0.847660 -3.316879 -33.617020
0.844310 -3.350317 -33.438206
0.840926 -3.383696 -33.378601
0.837509 -3.416896 -33.199787
0.834059 -3.449917 -33.020973
0.830576 -3.482878 -32.961369
0.827060 -3.515720 -32.842159
0.823512 -3.548324 -32.603741
0.819931 -3.580808 -32.484531
0.816318 -3.613233 -32.424927
0.812673 -3.645420 -32.186508
0.808995 -3.677547 -32.126904
0.805286 -3.709435 -31.888483
0.801544 -3.741264 -31.828878
0.797772 -3.772914 -31.650064
0.793967 -3.804445 -31.530855
0.790131 -3.835737 -31.292437
0.786264 -3.866911 -31.173227
0.782366 -3.898024 -31.113623
0.778437 -3.928900 -30.875204
0.774478 -3.959596 -30.696390
0.770488 -3.990173 -30.577181
0.766467 -4.020631 -30.458210
0.762416 -4.050851 -30.219553
0.758335 -4.081011 -30.159948
0.754224 -4.110932 -29.921530
0.750084 -4.140675 -29.742716
0.745913 -4.170299 -29.623507
0.741714 -4.199803 -29.504297
0.737485 -4.229009 -29.206274
0.733226 -4.258156 -29.146669
0.728939 -4.287124 -28.967855
0.724623 -4.315913 -28.789042
0.720279 -4.344463 -28.550623
0.715906 -4.372954 -28.491018
0.711505 -4.401207 -28.252600
0.707075 -4.429281 -28.073786
0.702618 -4.457235 -27.954576
0.698133 -4.484951 -27.716158
0.693621 -4.512548 -27.596949
0.689081 -4.539847 -27.298925
0.684514 -4.567146 -27.298925
0.679920 -4.594147 -27.000902
0.675299 -4.620969 -26.822088
0.670651 -4.647613 -26.643274
0.665977 -4.674137 -26.524065
0.661276 -4.700422 -26.285646
0.656550 -4.726529 -26.106833
0.651797 -4.752457 -25.928019
0.647019 -4.778147 -25.689600
0.642216 -4.803717 -25.570391
0.637386 -4.829109 -25.391577
0.632532 -4.854202 -25.093554
0.627653 -4.879236 -25.033949
0.622749 -4.904032 -24.795530
0.617820 -4.928589 -24.557112
0.612867 -4.952967 -24.378298
0.607890 -4.977167 -24.199484
0.602889 -5.001187 -24.020670
0.597864 -5.024969 -23.781775
0.592816 -5.048573 -23.603437
0.587744 -5.071997 -23.424623
0.582648 -5.095183 -23.186205
0.577530 -5.118250 -23.066996
0.572389 -5.140960 -22.709368
0.567226 -5.163610 -22.649763
0.562039 -5.186021 -22.411345
0.556831 -5.208194 -22.172926
0.551601 -5.230128 -21.934507
0.546349 -5.251944 -21.815298
0.541076 -5.273520 -21.576880
0.535781 -5.294919 -21.398066
0.530465 -5.316019 -21.100042
0.525128 -5.336999 -20.980833
0.519770 -5.357682 -20.682810
0.514392 -5.378246 -20.563601
0.508993 -5.398571 -20.325182
0.503575 -5.418598 -20.027161
0.498136 -5.438536 -19.937992
0.492678 -5.458206 -19.669533
0.487200 -5.477637 -19.431114
0.481703 -5.496889 -19.252300
0.476188 -5.515873 -18.983841
0.470653 -5.534708 -18.835068
0.465100 -5.553275 -18.567085
0.459528 -5.571663 -18.387794
0.453938 -5.589783 -18.119812
0.448330 -5.607694 -17.911434
0.442705 -5.625397 -17.702579
0.437062 -5.642890 -17.493725
0.431402 -5.660146 -17.255783
0.425725 -5.677193 -17.046928
0.420031 -5.693972 -16.778469
0.414320 -5.710572 -16.600132
0.408593 -5.726933 -16.361237
0.402850 -5.743056 -16.123295
0.397091 -5.758971 -15.914439
0.391317 -5.774617 -15.645980
0.385527 -5.790114 -15.497207
0.379721 -5.805313 -15.199183
0.373901 -5.820304 -14.990806
0.368066 -5.835056 -14.751910
0.362216 -5.849599 -14.543532
0.356352 -5.863904 -14.305114
0.350474 -5.877971 -14.066695
0.344583 -5.891799 -13.828277
0.338677 -5.905419 -13.619899
0.332758 -5.918771 -13.351439
0.326826 -5.931943 -13.172626
0.320882 -5.944818 -12.874602
0.314924 -5.957484 -12.665748
0.308954 -5.969941 -12.457370
0.302972 -5.982131 -12.189387
0.296978 -5.994081 -11.950492
0.290972 -6.005794 -11.712550
0.284955 -6.017327 -11.533259
0.278926 -6.028533 -11.205672
0.272887 -6.039559 -11.026858
0.266836 -6.050348 -10.788440
0.260776 -6.060868 -10.520457
0.254704 -6.071180 -10.311603
0.248623 -6.081223 -10.043143
0.242532 -6.091043 -9.819984
0.236431 -6.100625 -9.581566
0.230322 -6.109952 -9.327888
0.224202 -6.119042 -9.089947
0.218075 -6.127893 -8.851051
0.211938 -6.136507 -8.613110
0.205793 -6.144881 -8.374214
0.199640 -6.153002 -8.121490
0.193479 -6.160885 -7.882595
0.187311 -6.168514 -7.629394
0.181135 -6.175920 -7.405757
0.174952 -6.183073 -7.152557
0.168762 -6.189972 -6.899356
0.162565 -6.196648 -6.675720
0.156362 -6.203055 -6.407260
0.150153 -6.209224 -6.169319
0.143938 -6.215155 -5.930423
0.137717 -6.220847 -5.692482
0.131491 -6.226286 -5.438804
0.125259 -6.231472 -5.185604
0.119023 -6.236412 -4.940033
0.112782 -6.241120 -4.708767
0.106536 -6.245568 -4.447937
0.100286 -6.249770 -4.201889
0.094033 -6.253734 -3.963947
0.087775 -6.257452 -3.717899
0.081514 -6.260909 -3.457069
0.075250 -6.264135 -3.225803
0.068983 -6.267100 -2.965450
0.062713 -6.269827 -2.727031
0.056441 -6.272301 -2.473354
0.050166 -6.274529 -2.227783
0.043890 -6.276510 -1.981735
0.037612 -6.278246 -1.736164
0.031332 -6.279729 -1.482487
0.025051 -6.280964 -1.235008
0.018769 -6.281955 -0.990868
0.012486 -6.282695 -0.740528
0.006203 -6.283188 -0.493050
-0.000080 -6.283434 -0.245571
-0.006364 -6.283430 0.003815
-0.012647 -6.283179 0.250816
-0.018930 -6.282680 0.499725
-0.025212 -6.281932 0.747204
-0.031493 -6.280938 0.994682
-0.037772 -6.279692 1.245975
-0.044050 -6.278205 1.486301
-0.050327 -6.276462 1.743317
-0.056601 -6.274477 1.985550
-0.062874 -6.272241 2.235413
-0.069143 -6.269760 2.480984
-0.075410 -6.267026 2.734184
-0.081675 -6.264053 2.973079
-0.087935 -6.260827 3.225803
-0.094193 -6.257355 3.472328
-0.100446 -6.253637 3.717422
-0.106696 -6.249673 3.963947
-0.112941 -6.245456 4.217148
-0.119182 -6.241001 4.455090
-0.125419 -6.236285 4.716396
-0.131650 -6.231352 4.932404
-0.137876 -6.226137 5.215168
-0.144097 -6.220698 5.439281
-0.150312 -6.215021 5.677223
-0.156521 -6.209075 5.945682
-0.162724 -6.202891 6.183624
-0.168920 -6.196469 6.422519
-0.175110 -6.189808 6.660938
-0.181293 -6.182879 6.928920
-0.187469 -6.175741 7.137775
-0.193637 -6.168321 7.420539
-0.199798 -6.160691 7.629394
-0.205951 -6.152793 7.897853
-0.212095 -6.144672 8.121014
-0.218232 -6.136283 8.389473
-0.224359 -6.127670 8.612633
-0.230478 -6.118819 8.851528
-0.236588 -6.109714 9.104729
-0.242688 -6.100386 9.327888
-0.248779 -6.090790 9.596348
-0.254860 -6.080970 9.819984
-0.260931 -6.070911 10.058402
-0.266991 -6.060600 10.311603
-0.273042 -6.050080 10.519980
-0.279081 -6.039261 10.818480
-0.285109 -6.028294 10.967254
-0.291126 -6.016999 11.294841
-0.297132 -6.005525 11.474132
-0.303125 -5.993783 11.742114
-0.309107 -5.981802 11.980533
-0.315077 -5.969614 12.188910
-0.321034 -5.957186 12.427806
-0.326978 -5.944490 12.695788
-0.332910 -5.931586 12.904166
-0.338829 -5.918443 13.143062
-0.344734 -5.905062 13.381003
-0.350625 -5.891472 13.589858
-0.356503 -5.877614 13.858317
-0.362366 -5.863517 14.096259
-0.368215 -5.849242 14.275550
-0.374050 -5.834698 14.543532
-0.379870 -5.819916 14.781951
-0.385675 -5.804926 14.990329
-0.391465 -5.789697 15.229224
-0.397239 -5.774259 15.437602
-0.402997 -5.758554 15.705585
-0.408740 -5.742639 15.914439
-0.414467 -5.726516 16.123295
-0.420177 -5.710155 16.361237
-0.425870 -5.693554 16.600132
-0.431547 -5.676746 16.808510
-0.437207 -5.659699 17.046928
-0.442849 -5.642444 17.255306
-0.448474 -5.624949 17.494202
-0.454081 -5.607247 17.702579
-0.459671 -5.589336 17.910957
-0.465242 -5.571157 18.179417
-0.470795 -5.552828 18.328667
-0.476329 -5.534202 18.626213
-0.481844 -5.515426 18.775463
-0.487341 -5.496382 19.043922
-0.492818 -5.477130 19.252300
-0.498276 -5.457699 19.431114
-0.503714 -5.438029 19.669533
-0.509132 -5.418121 19.907951
-0.514530 -5.398035 20.086763
-0.519907 -5.377709 20.325182
-0.525265 -5.357205 20.503996
-0.530601 -5.336403 20.802019
-0.535917 -5.315542 20.861624
-0.541211 -5.294322 21.219252
-0.546484 -5.272984 21.338461
-0.551735 -5.251348 21.636484
-0.556965 -5.229651 21.696089
-0.562173 -5.207598 22.053717
-0.567358 -5.185425 22.172926
-0.572521 -5.163013 22.411345
-0.577661 -5.140423 22.590158
-0.582779 -5.117654 22.768972
-0.587874 -5.094587 23.066996
-0.592945 -5.071401 23.186205
-0.597993 -5.047976 23.424623
-0.603017 -5.024373 23.603437
-0.608018 -5.000591 23.781775
-0.612994 -4.976511 24.080275
-0.617947 -4.952371 24.139879
-0.622875 -4.927993 24.378298
-0.627778 -4.903376 24.616716
-0.632657 -4.878581 24.795530
-0.637510 -4.853547 25.033949
-0.642339 -4.828453 25.093554
-0.647142 -4.803061 25.391577
-0.651919 -4.777551 25.510786
-0.656671 -4.751801 25.749205
-0.661397 -4.725814 25.987623
-0.666097 -4.699767 26.047228
-0.670770 -4.673421 26.345251
-0.675417 -4.646957 26.464460
-0.680037 -4.620314 26.643274
-0.684631 -4.593432 26.881693
-0.689197 -4.566431 27.000902
-0.693737 -4.539192 27.239321
-0.698248 -4.511833 27.358530
-0.702733 -4.484236 27.596949
-0.707189 -4.456520 27.716158
-0.711618 -4.428566 27.954576
-0.716018 -4.400492 28.073786
-0.720390 -4.372180 28.312204
-0.724734 -4.343808 28.371809
-0.729049 -4.315138 28.669832
-0.733336 -4.286408 28.729437
-0.737593 -4.257381 29.027460
-0.741821 -4.228294 29.087065
-0.746020 -4.199028 29.265879
-0.750190 -4.169524 29.504297
-0.754330 -4.139960 29.563902
-0.758440 -4.110157 29.802320
-0.762520 -4.080236 29.921530
-0.766570 -4.050076 30.159948
-0.770590 -4.019856 30.219553
-0.774580 -3.989398 30.458210
-0.778538 -3.958821 30.577181
-0.782467 -3.928125 30.696390
-0.786364 -3.897190 30.934809
-0.790230 -3.866136 31.054018
-0.794065 -3.834963 31.173227
-0.797868 -3.803611 31.352041
-0.801641 -3.772080 31.530855
-0.805381 -3.740430 31.650064
-0.809090 -3.708660 31.769274
-0.812766 -3.676712 31.948088
-0.816411 -3.644645 32.067299
-0.820023 -3.612399 32.246113
-0.823603 -3.579974 32.424927
-0.827151 -3.547489 32.484531
-0.830666 -3.514826 32.663345
-0.834148 -3.482044 32.782555
-0.837597 -3.449142 32.901764
-0.841013 -3.416002 33.140182
-0.844396 -3.382861 33.140182
-0.847745 -3.349483 33.378601
-0.851061 -3.315985 33.497810
-0.854344 -3.282428 33.557415
-0.857592 -3.248691 33.736229
-0.860807 -3.214836 33.855438
-0.863988 -3.180861 33.974648
-0.867135 -3.146708 34.153461
-0.870247 -3.112495 34.213066
-0.873325 -3.078103 34.391880
-0.876369 -3.043651 34.451485
-0.879378 -3.009081 34.570694
-0.882352 -2.974331 34.749508
-0.885292 -2.939522 34.809113
-0.888196 -2.904534 34.987926
-0.891066 -2.869487 35.047531
-0.893900 -2.834260 35.226345
-0.896699 -2.799034 35.226345
-0.899463 -2.763569 35.464764
-0.902191 -2.728104 35.464764
-0.904883 -2.692461 35.643578
-0.907540 -2.656758 35.703182
-0.910161 -2.620876 35.881996
-0.912746 -2.584994 35.881996
-0.915295 -2.548933 36.060810
-0.917808 -2.512812 36.120415
-0.920284 -2.476573 36.239384
-0.922725 -2.440214 36.358833
-0.925128 -2.403796 36.418438
-0.927496 -2.367258 36.537647
-0.929826 -2.330661 36.597252
-0.932120 -2.293944 36.716461
-0.934377 -2.257109 36.835670
-0.936598 -2.220273 36.835670
-0.938781 -2.183259 37.014484
-0.940927 -2.146184 37.074089
-0.943036 -2.109051 37.133694
-0.945108 -2.071857 37.193298
-0.947142 -2.034485 37.372112
-0.949140 -1.997113 37.372231
-0.951099 -1.959622 37.491322
-0.953021 -1.922130 37.491322
-0.954906 -1.884460 37.670135
-0.956752 -1.846731 37.729740
-0.958561 -1.809001 37.729740
-0.960333 -1.771152 37.848949
-0.962066 -1.733184 37.968159
-0.963761 -1.695275 37.908554
-0.965418 -1.657128 38.146973
-0.967037 -1.619100 38.027763
-0.968618 -1.580894 38.206577
-0.970161 -1.542628 38.266182
-0.971665 -1.504362 38.266182
-0.973131 -1.465976 38.385391
-0.974559 -1.427531 38.444996
-0.975948 -1.389086 38.444996
-0.977298 -1.350582 38.504601
-0.978610 -1.311958 38.623810
-0.979884 -1.273334 38.623810
-0.981118 -1.234651 38.683292
-0.982314 -1.195848 38.802624
-0.983471 -1.157165 38.683414
-0.984590 -1.118243 38.921833
-0.985669 -1.079440 38.802624
-0.986710 -1.040518 38.921833
-0.987711 -1.001537 38.981438
-0.988674 -0.962555 38.981495
-0.989597 -0.923514 39.041042
-0.990482 -0.884414 39.100647
-0.991327 -0.845313 39.100647
-0.992133 -0.806212 39.100647
-0.992900 -0.767052 39.160252
-0.993628 -0.727773 39.279461
-0.994317 -0.688612 39.160252
-0.994966 -0.649333 39.279461
-0.995576 -0.610054 39.279400
-0.996147 -0.570714 39.339066
-0.996678 -0.531435 39.279461
-0.997170 -0.492036 39.398697
-0.997623 -0.452697 39.339066
-0.998036 -0.413299 39.398670
-0.998410 -0.373900 39.398670
-0.998744 -0.334501 39.398670
-0.999040 -0.295043 39.458244
-0.999295 -0.255585 39.458275
-0.999511 -0.216186 39.398682
-0.999688 -0.176668 39.517879
-0.999825 -0.137210 39.458260
-0.999923 -0.097752 39.458279
-0.999981 -0.058293 39.458271
-1.000000 -0.018775 39.517876
-0.999979 0.020683 39.458275
-0.999919 0.060201 39.517879
-0.999819 0.099659 39.458271
-0.999680 0.139117 39.458279
-0.999502 0.178635 39.517864
-0.999284 0.218034 39.398670
-0.999026 0.257552 39.517891
-0.998729 0.296950 39.398670
-0.998393 0.336409 39.458244
-0.998017 0.375807 39.398670
-0.997602 0.415206 39.398670
-0.997147 0.454605 39.398670
-0.996653 0.494003 39.398670
-0.996120 0.533283 39.279488
-0.995547 0.572681 39.398670
-0.994935 0.611961 39.279461
-0.994284 0.651240 39.279400
-0.993594 0.690460 39.219856
-0.992864 0.729740 39.279461
-0.992095 0.768900 39.160252
-0.991287 0.808120 39.219856
-0.990440 0.847220 39.100647
-0.989553 0.886321 39.100647
-0.988628 0.925422 39.100647
-0.987663 0.964463 39.041042
-0.986660 1.003444 38.981495
-0.985618 1.042366 38.921833
-0.984536 1.081288 38.921833
-0.983416 1.120210 38.921833
-0.982257 1.158953 38.743019
-0.981059 1.197815 38.862228
-0.979823 1.236498 38.683414
-0.978548 1.275241 38.742897
-0.977234 1.313805 38.564205
-0.975881 1.352429 38.623810
-0.974490 1.390934 38.504601
-0.973061 1.429438 38.504601
-0.971593 1.467824 38.385391
-0.970087 1.506209 38.385391
-0.968542 1.544535 38.325787
-0.966960 1.582742 38.206577
-0.965339 1.620889 38.146973
-0.963680 1.659036 38.146973
-0.961983 1.697123 38.087368
-0.960248 1.735031 37.908554
-0.958475 1.773000 37.968159
-0.956664 1.810789 37.789345
-0.954815 1.848578 37.789345
-0.952929 1.886308 37.729740
-0.951005 1.923919 37.610531
-0.949043 1.961470 37.550926
-0.947045 1.998901 37.431717
-0.945008 2.036333 37.431835
-0.942935 2.073646 37.312508
-0.940824 2.110839 37.193298
-0.938676 2.148032 37.193298
-0.936491 2.185047 37.014484
-0.934269 2.222061 37.014484
-0.932010 2.258897 36.835670
-0.929714 2.295732 36.835670
-0.927382 2.332449 36.716461
-0.925012 2.369046 36.597252
-0.922607 2.405524 36.478043
-0.920165 2.442002 36.478043
-0.917687 2.478361 36.358833
-0.915172 2.514541 36.179779
-0.912621 2.550661 36.120415
-0.910035 2.586722 36.060810
-0.907412 2.622664 35.941601
-0.904754 2.658486 35.822392
-0.902059 2.694189 35.703182
-0.899329 2.729833 35.643578
-0.896564 2.765298 35.464764
-0.893763 2.800703 35.405159
-0.890927 2.836048 35.345554
-0.888056 2.871156 35.107136
-0.885150 2.906263 35.107136
-0.882209 2.941191 34.928322
-0.879233 2.976000 34.809113
-0.876222 3.010750 34.749508
-0.873177 3.045320 34.570694
-0.870097 3.079772 34.451485
-0.866983 3.114164 34.391880
-0.863834 3.148436 34.272671
-0.860652 3.182471 34.034252
-0.857435 3.216445 33.974648
-0.854185 3.250360 33.915043
-0.850901 3.284037 33.676624
-0.847583 3.317654 33.617020
-0.844232 3.351092 33.438206
-0.840848 3.384471 33.378601
-0.837430 3.417611 33.140182
-0.833979 3.450751 33.140182
-0.830496 3.483593 32.842159
-0.826979 3.516435 32.842159
-0.823430 3.549099 32.663345
-0.819849 3.581583 32.484531
-0.816235 3.613949 32.365322
-0.812589 3.646195 32.246113
-0.808910 3.678262 32.067299
-0.805200 3.710150 31.888483
-0.801458 3.742039 31.888483
-0.797685 3.773629 31.590460
-0.793879 3.805101 31.471251
-0.790043 3.836453 31.352041
-0.786175 3.867686 31.232832
-0.782277 3.898680 30.994413
-0.778347 3.929615 30.934809
-0.774387 3.960311 30.696390
-0.770396 3.990888 30.577181
-0.766374 4.021347 30.458210
-0.762323 4.051566 30.219553
-0.758241 4.081666 30.100344
-0.754130 4.111588 29.921530
-0.749988 4.141390 29.802320
-0.745817 4.170954 29.563902
-0.741617 4.200459 29.504297
-0.737387 4.229724 29.265879
-0.733128 4.258811 29.087065
-0.728841 4.287779 28.967855
-0.724524 4.316568 28.789042
-0.720179 4.345119 28.550623
-0.715805 4.373610 28.491018
-0.711403 4.401863 28.252600
-0.706973 4.429936 28.073786
-0.702516 4.457831 27.894972
-0.698030 4.485607 27.775763
-0.693517 4.513144 27.537344
-0.688976 4.540503 27.358530
-0.684409 4.567742 27.239321
-0.679814 4.594743 27.000902
-0.675192 4.621625 26.881693
-0.670544 4.648209 26.583670
-0.665869 4.674733 26.524065
-0.661168 4.701018 26.285646
-0.656441 4.727125 26.106833
-0.651688 4.753053 25.928019
-0.646909 4.778743 25.689600
-0.642105 4.804313 25.570391
-0.637275 4.829645 25.331972
-0.632421 4.854858 25.212763
-0.627541 4.879773 24.914740
-0.622636 4.904568 24.795530
-0.617707 4.929125 24.557112
-0.612754 4.953563 24.437902
-0.607776 4.977703 24.139879
-0.602774 5.001724 24.020670
-0.597749 5.025565 23.841379
-0.592699 5.049109 23.543833
-0.587627 5.072534 23.424623
-0.582531 5.095720 23.186205
-0.577412 5.118727 23.007391
-0.572271 5.141496 22.768972
-0.567107 5.164146 22.649763
-0.561920 5.186498 22.351740
-0.556712 5.208730 22.232531
-0.551481 5.230665 21.934507
-0.546228 5.252420 21.755693
-0.540954 5.273997 21.576880
-0.535659 5.295395 21.398066
-0.530343 5.316495 21.100042
-0.525005 5.337476 20.980833
-0.519647 5.358219 20.742414
-0.514268 5.378663 20.444391
-0.508869 5.399048 20.384787
-0.503450 5.419075 20.027161
-0.498011 5.438983 19.907951
-0.492552 5.458623 19.639969
-0.487074 5.478084 19.460678
-0.481577 5.497336 19.252300
-0.476061 5.516320 18.984318
-0.470526 5.535125 18.805027
-0.464972 5.553692 18.567085
-0.459400 5.572080 18.387794
-0.453810 5.590200 18.119812
-0.448202 5.608111 17.911434
-0.442576 5.625814 17.702579
-0.436932 5.643278 17.464161
-0.431272 5.660533 17.255306
-0.425594 5.677580 17.046928
-0.419900 5.694359 16.778946
-0.414189 5.710929 16.570091
-0.408462 5.727321 16.391277
-0.402718 5.743414 16.093254
-0.396959 5.759328 15.914439
-0.391184 5.775004 15.676021
-0.385394 5.790442 15.437602
-0.379588 5.805671 15.228747
-0.373767 5.820632 14.960765
-0.367932 5.835413 14.781951
-0.362082 5.849927 14.513968
-0.356218 5.864233 14.305114
-0.350339 5.878269 14.036654
-0.344447 5.892128 13.858317
-0.338542 5.905717 13.589858
-0.332622 5.919098 13.381003
-0.326690 5.932211 13.113021
-0.320745 5.945116 12.904643
-0.314787 5.957782 12.665748
-0.308817 5.970210 12.427806
-0.302835 5.982399 12.188910
-0.296840 5.994379 11.980533
-0.290834 6.006062 11.682509
-0.284817 6.017565 11.503695
-0.278788 6.028801 11.235713
-0.272748 6.039828 11.026858
-0.266697 6.050586 10.758399
-0.260636 6.061107 10.520457
-0.254565 6.071418 10.311603
-0.248484 6.081447 10.028362
-0.242392 6.091252 9.805202
-0.236291 6.100833 9.581089
-0.230181 6.110176 9.343147
-0.224062 6.119251 9.074688
-0.217934 6.128088 8.836746
-0.211797 6.136715 8.627415
-0.205652 6.145060 8.344650
-0.199499 6.153181 8.121490
-0.193338 6.161064 7.882595
-0.187169 6.168693 7.629394
-0.180993 6.176084 7.390975
-0.174810 6.183237 7.152557
-0.168620 6.190121 6.884098
-0.162423 6.196796 6.675720
-0.156220 6.203204 6.407737
-0.150010 6.209373 6.168842
-0.143795 6.215289 5.916118
-0.137574 6.220966 5.677223
-0.131348 6.226405 5.438804
-0.125116 6.231591 5.185604
-0.118880 6.236523 4.932404
-0.112638 6.241217 4.693985
-0.106393 6.245672 4.455090
-0.100143 6.249867 4.194736
-0.093889 6.253823 3.956318
-0.087632 6.257526 3.703117
-0.081371 6.260991 3.464222
-0.075106 6.264202 3.211498
-0.068839 6.267168 2.965450
-0.062569 6.269887 2.719402
-0.056297 6.272353 2.466202
-0.050022 6.274580 2.227306
-0.043746 6.276551 1.970768
-0.037467 6.278280 1.728535
-0.031188 6.279761 1.481056
-0.024907 6.280990 1.229286
-0.018625 6.281975 0.985146
-0.012342 6.282709 0.733852
-0.006059 6.283197 0.488281
0.000225 6.283436 0.238895
