0.00000000 0.00000000
0.09983341 0.19866933
0.19866933 0.38941833
0.29552022 0.56464249
0.38941833 0.71735609
0.47942555 0.84147096
0.56464249 0.93203908
0.64421767 0.98544973
0.71735609 0.99957359
0.78332692 0.97384763
0.84147096 0.90929741
0.89120734 0.80849642
0.93203908 0.67546320
0.96355820 0.51550138
0.98544973 0.33498815
0.99749500 0.14112000
0.99957359 -0.05837414
0.99166483 -0.25554112
0.97384763 -0.44252044
0.94630009 -0.61185789
0.90929741 -0.75680250
0.86320937 -0.87157577
0.80849642 -0.95160210
0.74570519 -0.99369103
0.67546320 -0.99616462
0.59847212 -0.95892429
0.51550138 -0.88345468
0.42737988 -0.77276450
0.33498815 -0.63126665
0.23924933 -0.46460217
0.14112000 -0.27941549
0.04158066 -0.08308940
-0.05837414 0.11654920
-0.15774569 0.31154135
-0.25554112 0.49411336
-0.35078323 0.65698659
-0.44252044 0.79366785
-0.52983612 0.89870811
-0.61185789 0.96791965
-0.68776613 0.99854332
-0.75680250 0.98935825
-0.81827712 0.94073057
-0.87157577 0.85459888
-0.91616595 0.73439711
-0.95160210 0.58491719
-0.97753012 0.41211849
-0.99369103 0.22288992
-0.99992323 0.02477542
-0.99616462 -0.17432678
-0.98245263 -0.36647913
-0.95892429 -0.54402113
-0.92581469 -0.69987470
-0.88345468 -0.82782644
-0.83226746 -0.92277545
-0.77276450 -0.98093623
-0.70554030 -0.99999022
-0.63126665 -0.97917771
-0.55068552 -0.91932851
-0.46460217 -0.82282859
-0.37387666 -0.69352508
-0.27941549 -0.53657293
-0.18216251 -0.35822928
-0.08308940 -0.16560417
0.01681390 0.03362305
0.11654920 0.23150982
0.21511999 0.42016703
0.31154135 0.59207350
0.40484992 0.74037588
0.49411336 0.85916179
0.57843977 0.94369566
0.65698659 0.99060738
0.72896904 0.99802667
0.79366785 0.96565777
0.85043663 0.89479119
0.89870811 0.78825206
0.93799996 0.65028787
0.96791965 0.48639870
0.98816824 0.30311835
0.99854332 0.10775365
0.99894136 -0.09190685
0.98935825 -0.28790331
0.96988982 -0.47242197
0.94073057 -0.63810670
0.90217185 -0.77835208
0.85459888 -0.88756704
0.79848713 -0.96139747
0.73439711 -0.99690008
0.66296923 -0.99265939
0.58491719 -0.94884449
0.50102085 -0.86720216
0.41211849 -0.75098723
0.31909835 -0.60483283
0.22288992 -0.43456563
0.12445442 -0.24697366
0.02477542 -0.04953564
-0.07515112 0.14987721
-0.17432678 0.34331492
-0.27176061 0.52306575
-0.36647913 0.68196362
-0.45753589 0.81367373
-0.54402113 0.91294527
-0.62507063 0.97582054
-0.69987470 0.99979287
-0.76768583 0.98390669
-0.82782644 0.92879522
-0.87969577 0.83665562
-0.92277545 0.71116120
-0.95663500 0.55731505
-0.98093623 0.38125050
-0.99543625 0.18998668
-0.99999022 -0.00885131
-0.99455261 -0.20733643
-0.97917771 -0.39755568
-0.95401925 -0.57192564
-0.91932851 -0.72349477
-0.87545216 -0.84622043
-0.82282859 -0.93520993
-0.76198357 -0.98691553
-0.69352508 -0.99927598
-0.61813712 -0.97179842
-0.53657293 -0.90557837
-0.44964746 -0.80325574
-0.35822928 -0.66890985
-0.26323178 -0.50789660
-0.16560417 -0.32663512
-0.06632189 -0.13235176
0.03362305 0.06720807
0.13323204 0.26408851
0.23150982 0.45044059
0.32747445 0.61883503
0.42016703 0.76255846
0.50866145 0.87588108
0.59207350 0.95428509
0.66956979 0.99464476
0.74037588 0.99535108
0.80378443 0.95637596
0.85916179 0.87927306
0.90595472 0.76711637
0.94369566 0.62437713
0.97200751 0.45674598
0.99060738 0.27090579
0.99930936 0.07426544
0.99802667 -0.12533562
0.98677194 -0.31993997
0.96565777 -0.50178927
0.93489504 -0.66363388
0.89479119 -0.79902148
0.84574682 -0.90255463
0.78825206 -0.97010571
0.72288138 -0.99898183
0.65028787 -0.98803163
0.57119685 -0.93769175
0.48639870 -0.84996903
0.39674059 -0.72836077
0.30311835 -0.57771504
0.20646748 -0.40403765
0.10775365 -0.21425255
0.00796318 -0.01592586
-0.09190685 0.18303573
-0.19085859 0.37470028
-0.28790331 0.55142671
-0.38207141 0.70616949
-0.47242197 0.83275950
-0.55805224 0.92615002
-0.63810670 0.98261786
-0.71178532 0.99991184
-0.77835208 0.97734249
-0.83714175 0.91580963
-0.88756704 0.81776625
-0.92912400 0.68712115
-0.96139747 0.52908272
-0.98406500 0.34995136
-0.99690008 0.15686859
-0.99977446 -0.04246803
-0.99265939 -0.24011160
-0.97562599 -0.42818266
-0.94884449 -0.59918344
-0.91258246 -0.74629670
-0.86720216 -0.86365741
-0.81315714 -0.94658685
-0.75098723 -0.99177885
-0.68131375 -0.99743176
-0.60483283 -0.96332020
-0.52230859 -0.89080417
-0.43456563 -0.78277451
-0.34248063 -0.64353812
-0.24697366 -0.47864592
-0.14899902 -0.29467160
-0.04953564 -0.09894966
0.05042269 0.10071710
0.14987721 0.29636857
0.24783421 0.48020479
0.34331492 0.64489675
0.43536535 0.78387868
0.52306575 0.89160985
0.60553986 0.96379536
0.68196362 0.99755740
0.75157344 0.99154997
0.81367373 0.94601256
0.86764407 0.86276066
0.91294527 0.74511313
0.94912457 0.59776038
0.97582054 0.42657676
0.99276638 0.23838687
0.99979287 0.04069326
0.99682981 -0.15862267
0.98390669 -0.35161480
0.96115273 -0.53058916
0.92879522 -0.68841064
0.88715750 -0.81878734
0.83665562 -0.91652155
0.77779418 -0.97771692
0.71116120 -0.99993384
0.63742262 -0.98228657
0.55731505 -0.92547864
0.47163901 -0.83177477
0.38125050 -0.70491064
0.28705266 -0.54994398
0.18998668 -0.37305278
0.09102242 -0.18128914
-0.00885131 0.01770193
-0.10863660 0.21598727
-0.20733643 0.40566188
-0.30396461 0.57916403
-0.39755568 0.72957677
-0.48717451 0.85090351
-0.57192564 0.93830746
-0.65096229 0.98830408
-0.72349477 0.99890012
-0.78879827 0.96967310
-0.84622043 0.90178835
-0.89518738 0.79795212
-0.93520993 0.66230404
-0.96588814 0.50025201
-0.98691553 0.31825650
-0.99808204 0.12357312
-0.99927598 -0.07603674
-0.99048555 -0.27261525
-0.97179842 -0.45832545
-0.94340146 -0.62576365
-0.90557837 -0.76825464
-0.85870701 -0.88011777
-0.80325574 -0.95689332
-0.73977858 -0.99552059
-0.66890985 -0.99445963
-0.59135753 -0.95375264
-0.50789660 -0.87502259
-0.41936091 -0.76140809
-0.32663512 -0.61743873
-0.23064570 -0.44885397
-0.13235176 -0.26237485
-0.03273538 -0.06543567
0.06720807 0.13411222
0.16648000 0.32831350
0.26408851 0.50942594
0.35905835 0.67022920
0.45044059 0.80431247
0.53732216 0.90633041
0.61883503 0.97221577
0.69416469 0.99934202
0.76255846 0.98662758
0.82333302 0.93457943
0.87588108 0.84527260
0.91967762 0.72226739
0.95428509 0.57046765
0.97935766 0.39592516
0.99464476 0.20559838
0.99999374 0.00707505
0.99535108 -0.19173034
0.98076326 -0.38289204
0.95637596 -0.55878907
0.92243284 -0.71240890
0.87927306 -0.83762723
0.82732791 -0.92945206
0.76711637 -0.98422253
0.69924003 -0.99975514
0.62437713 -0.97543073
0.54327565 -0.91221893
0.45674598 -0.81263983
0.36565262 -0.68066335
0.27090579 -0.52155101
0.17345215 -0.34164605
0.07426544 -0.14812073
-0.02566330 0.05130969
-0.12533562 0.24869455
-0.22375564 0.43616477
-0.31993997 0.60624641
-0.41292754 0.75215900
-0.50178927 0.86808532
-0.58563733 0.94940388
-0.66363388 0.99287266
-0.73499960 0.99675876
-0.79902148 0.96090722
-0.85505980 0.88674730
-0.90255463 0.77723563
-0.94103140 0.63673800
-0.97010571 0.47085565
-0.98948711 0.28620175
-0.99898183 0.09013791
-0.99849504 -0.10951945
-0.98803163 -0.30481061
-0.96769613 -0.48794994
-0.93769175 -0.65163624
-0.89831823 -0.78934389
-0.84996903 -0.89558285
-0.79312724 -0.96611780
-0.72836077 -0.99813664
-0.65631676 -0.99036288
-0.57771504 -0.94310653
-0.49334100 -0.85825151
-0.40403765 -0.73918068
-0.31069729 -0.59064108
-0.21425255 -0.41855446
-0.11566705 -0.22978140
-0.01592586 -0.03184769
0.08397446 0.16735570
0.18303573 0.35988715
0.28026816 0.53807104
0.37470028 0.69480371
0.46538848 0.82383674
0.55142671 0.92002606
0.63195521 0.97953677
0.70616949 0.99999648
0.77332789 0.98058951
0.83275950 0.92208946
0.88387042 0.82682866
0.92615002 0.69860482
0.95917583 0.54252982
0.98261786 0.36482581
0.99624193 0.17257740
0.99991184 -0.02655115
0.99359101 -0.22462119
0.97734249 -0.41373628
0.95132875 -0.58635700
0.91580963 -0.73560154
0.87114000 -0.85551995
0.81776625 -0.94133151
0.75622165 -0.98961514
0.68712115 -0.99844593
0.61115515 -0.96747184
0.52908272 -0.89792770
0.44172379 -0.79258597
0.34995136 -0.65564638
0.25468233 -0.49256825
0.15686859 -0.30985296
0.05748748 -0.11478481
-0.04246803 0.08485945
-0.14199921 0.28112063
-0.24011160 0.46617439
-0.33582485 0.63264328
-0.42818266 0.77389067
-0.51626223 0.88428551
-0.59918344 0.95942664
-0.67611784 0.99631846
-0.74629670 0.99349022
-0.80901879 0.95105463
-0.86365741 0.87070352
-0.90966666 0.75564021
-0.94658685 0.61045194
-0.97404903 0.44092682
-0.99177885 0.25382337
-0.99959916 0.05660077
-0.99743176 -0.14287832
-0.98529840 -0.33666131
-0.96332020 -0.51702267
-0.93171686 -0.67677194
-0.89080417 -0.80954051
-0.84099078 -0.91003519
-0.78277451 -0.97424966
-0.71673703 -0.99962389
-0.64353812 -0.98514628
-0.56390923 -0.93139398
-0.47864592 -0.84050989
-0.38860014 -0.71611738
-0.29467160 -0.56317550
-0.19779880 -0.38778165
-0.09894966 -0.19692811
0.00088816 0.00177631
0.10071710 0.20040992
0.19953971 0.39105383
0.29636857 0.56610763
0.39023623 0.71859252
0.48020479 0.84242940
0.56537527 0.93268126
0.64489675 0.98575008
0.71797460 0.99952018
0.78387868 0.97344249
0.84195054 0.90855676
0.89160985 0.80744976
0.93236053 0.67415226
0.96379536 0.51397848
0.98560029 0.33331394
0.99755740 0.13936125
0.99954730 -0.06014733
0.99154997 -0.25725803
0.97364545 -0.44411266
0.94601256 -0.61326194
0.90892744 -0.75796241
0.86276066 -0.87244523
0.80797338 -0.95214647
0.74511313 -0.99388868
0.67480797 -0.99600762
0.59776038 -0.95841891
0.51474011 -0.88262105
0.42657676 -0.77163583
0.33415118 -0.62988800
0.23838687 -0.46302849
0.14024068 -0.27770948
0.04069326 -0.08131910
-0.05926076 0.11831323
-0.15862267 0.31322879
-0.25639966 0.49565691
-0.35161480 0.65832472
-0.44331673 0.79474723
-0.53058916 0.89948565
-0.61256015 0.96836448
-0.68841064 0.99863762
-0.75738275 0.98909825
-0.81878734 0.94012660
-0.87201089 0.85367513
-0.91652155 0.73319030
-0.95187467 0.58347553
-0.97771692 0.41049939
-0.99379021 0.22115794
-0.99993384 0.02299962
-0.99608648 -0.17607562
-0.98228657 -0.36813128
-0.95867199 -0.54551071
-0.92547864 -0.70114237
-0.88303816 -0.82882166
-0.83177477 -0.92345846
-0.77220047 -0.98127985
-0.70491064 -0.99998075
-0.63057756 -0.97881556
-0.54994398 -0.91862810
-0.46381551 -0.82181782
-0.37305278 -0.69224429
-0.27856261 -0.53507310
-0.18128914 -0.35657030
-0.08220428 -0.16385213
0.01770193 0.03539830
0.11743126 0.23323752
0.21598727 0.42177829
0.31238520 0.59350407
0.40566188 0.74156874
0.49488533 0.86006939
0.57916403 0.94428182
0.65765589 0.99084866
0.72957677 0.99791354
0.79420787 0.96519476
0.85090351 0.89399666
0.89909726 0.78715777
0.93830746 0.64893734
0.96814245 0.48484588
0.98830408 0.30142513
0.99859089 0.10598751
0.99890012 -0.09367550
0.98922861 -0.28960398
0.96967310 -0.47398683
0.94042897 -0.63947332
0.90178835 -0.77946609
0.85413736 -0.88838392
0.79795212 -0.96188474
0.73379397 -0.99703825
0.66230404 -0.99244297
0.58419657 -0.94828212
0.50025201 -0.86631626
0.41130909 -0.74981314
0.31825650 -0.60341728
0.22202401 -0.43296513
0.12357312 -0.24525198
0.02388753 -0.04776143
-0.07603674 0.15163322
-0.17520127 0.34498274
-0.27261525 0.52457887
-0.36730534 0.68326169
-0.45832545 0.81470507
-0.54476613 0.91366869
-0.62576365 0.97620726
-0.70050877 0.99982744
-0.76825464 0.98358774
-0.82832438 0.92813545
-0.88011777 0.83568138
-0.92311728 0.70991129
-0.95689332 0.55583930
-0.98110843 0.37960774
-0.99552059 0.18824242
-0.99998587 -0.01062754
-0.99445963 -0.20907381
-0.97899705 -0.39918497
-0.95375264 -0.57338190
-0.91897869 -0.72471988
-0.87502259 -0.84716552
-0.82232356 -0.93583745
-0.76140809 -0.98720044
-0.69288498 -0.99920684
-0.61743873 -0.97137803
-0.53582323 -0.90482348
-0.44885397 -0.80219644
-0.35739994 -0.66758835
-0.26237485 -0.50636566
-0.16472821 -0.32495573
-0.06543567 -0.13059086
0.03451069 0.06898026
0.13411222 0.26580137
0.23237376 0.45202580
0.32831350 0.62022936
0.42097282 0.76370639
0.50942594 0.87673682
0.59278905 0.95481455
0.67022920 0.99482679
0.74097264 0.99517846
0.80431247 0.95585549
0.85961592 0.87842560
0.90633041 0.76597559
0.94398910 0.62298864
0.97221577 0.45516506
0.99072844 0.26919547
0.99934202 0.07249392
0.99797046 -0.12709774
0.98662758 -0.32162240
0.96542662 -0.50332499
0.93457943 -0.66496164
0.89439428 -0.80008835
0.84527260 -0.90331805
0.78770524 -0.97053528
0.72226739 -0.99906039
0.64961284 -0.98775607
0.57046765 -0.93707305
0.48562250 -0.84903187
0.39592516 -0.72714251
0.30227187 -0.57626426
0.20559838 -0.40241215
0.10687062 -0.21251714
0.00707505 -0.01414975
-0.09279121 0.18478175
-0.19173034 0.37634659
-0.28875375 0.55290765
-0.38289204 0.70742607
-0.47320458 0.83374161
-0.55878907 0.92681849
-0.63879025 0.98294610
-0.71240890 0.99988669
-0.77890939 0.97696501
-0.83762723 0.91509479
-0.88797581 0.81674260
-0.92945206 0.68582952
-0.96164149 0.52757454
-0.98422253 0.34828684
-0.99696958 0.15511402
-0.99975514 -0.04424268
-0.99255157 -0.24183556
-0.97543073 -0.42978725
-0.94856369 -0.60060465
-0.91221893 -0.74747783
-0.86675960 -0.86455142
-0.81263983 -0.94715810
-0.75040048 -0.99200457
-0.68066335 -0.99730295
-0.60412532 -0.96284205
-0.52155101 -0.88999557
-0.43376553 -0.78166789
-0.34164605 -0.64217752
-0.24611293 -0.47708556
-0.14812073 -0.29297370
-0.04864855 -0.09718191
0.05130969 0.10248422
0.15075527 0.29806462
0.24869455 0.48176214
0.34414896 0.64625329
0.43616477 0.78498042
0.52382255 0.89241278
0.60624641 0.96426749
0.68261296 0.99767995
0.75215900 0.99131799
0.81418973 0.94543535
0.86808532 0.86186117
0.91330731 0.74392730
0.94940388 0.59633541
0.97601426 0.42496949
0.99287266 0.23666139
0.99981058 0.03891835
0.99675876 -0.16037624
0.98374760 -0.35327715
0.96090722 -0.53209400
0.92846572 -0.68969792
0.88674730 -0.81980580
0.83616883 -0.91723061
0.77723563 -0.97808832
0.71053654 -0.99995273
0.63673800 -0.98195219
0.55657738 -0.92480427
0.47085565 -0.83078736
0.38042927 -0.70364958
0.28620175 -0.54845953
0.18911462 -0.37140411
0.09013791 -0.17954198
-0.00973943 0.01947793
-0.10951945 0.21772131
-0.20820519 0.40728483
-0.30481061 0.58061117
-0.39837047 0.73079038
-0.48794994 0.85183531
-0.57265401 0.93892026
-0.65163624 0.98857337
-0.72410756 0.99881524
-0.78934389 0.96923745
-0.84669334 0.90101922
-0.89558285 0.79688025
-0.93552405 0.66097212
-0.96611780 0.49871317
-0.98705840 0.31657207
-0.99813664 0.12181023
-0.99924183 -0.07780778
-0.99036288 -0.27432385
-0.97158861 -0.45990348
-0.94310653 -0.62714821
-0.90520126 -0.76939052
-0.85825151 -0.88095969
-0.80272639 -0.95740777
-0.73918068 -0.99568701
-0.66824937 -0.99427134
-0.59064108 -0.95321721
-0.50713134 -0.87416130
-0.41855446 -0.76025540
-0.32579556 -0.61604047
-0.22978140 -0.44726595
-0.13147135 -0.26066035
-0.03184769 -0.06366306
0.06809419 0.13587227
0.16735570 0.32999083
0.26494503 0.51095366
0.35988715 0.67154640
0.45123336 0.80536669
0.53807104 0.90707958
0.61953247 0.97263008
0.69480371 0.99940485
0.76313269 0.98633653
0.82383674 0.93394607
0.87630928 0.84432209
0.92002606 0.72103769
0.95455021 0.56900781
0.97953677 0.39429337
0.99473619 0.20385969
0.99999648 0.00529877
0.99526519 -0.19347340
0.98058951 -0.38453239
0.95611608 -0.56026131
0.92208946 -0.71365434
0.87884969 -0.83859622
0.82682866 -0.93010592
0.76654631 -0.98453528
0.69860482 -0.99971431
0.62368315 -0.97503787
0.54252982 -0.91148973
0.45595568 -0.81160337
0.36482581 -0.67936099
0.27005073 -0.52003461
0.17257740 -0.33997607
0.07337971 -0.14636377
-0.02655115 0.05308359
-0.12621672 0.25041467
-0.22462119 0.43776250
-0.32078132 0.60765815
-0.41373628 0.75332838
-0.50255734 0.86896574
-0.58635700 0.94996023
-0.66429800 0.99308276
-0.73560154 0.99661428
-0.79955524 0.96041387
-0.85551995 0.88592482
-0.90293670 0.77611673
-0.94133151 0.63536733
-0.97032088 0.46928781
-0.98961514 0.28449929
-0.99902147 0.08836868
-0.99844593 -0.11128490
-0.98789424 -0.30650192
-0.96747184 -0.48949969
-0.93738276 -0.65298259
-0.89792770 -0.79043323
-0.84950078 -0.89637172
-0.79258597 -0.96657473
-0.72775191 -0.99824345
-0.65564638 -0.99011534
-0.57698989 -0.94251448
-0.49256825 -0.85733849
-0.40322506 -0.73798317
-0.30985296 -0.58920676
-0.21338493 -0.41694057
-0.11478481 -0.22805226
-0.01503781 -0.03007222
0.08485945 0.16910669
0.18390881 0.36154386
0.28112063 0.53956741
0.37552357 0.69608015
0.46617439 0.82484233
0.55216736 0.92072064
0.63264328 0.97989273
0.70679802 0.99999964
0.77389067 0.98023963
0.83325088 0.92140067
0.88428551 0.82582825
0.92648464 0.69733274
0.95942664 0.54103678
0.98278236 0.36317137
0.99631846 0.17082746
0.99989969 -0.02832680
0.99349022 -0.22635175
0.97715414 -0.41535279
0.95105463 -0.58779502
0.91545254 -0.73680371
0.87070352 -0.85643834
0.81725478 -0.94192952
0.75564021 -0.98986894
0.68647557 -0.99834538
0.61045194 -0.96702093
0.52832884 -0.89714444
0.44092682 -0.79150164
0.34911925 -0.65430415
0.25382337 -0.49102160
0.15599138 -0.30816358
0.05660077 -0.11302006
-0.04335537 0.08662921
-0.14287832 0.28282484
-0.24097368 0.46774516
-0.33666131 0.63401794
-0.42898512 0.77501446
-0.51702267 0.88511354
-0.59989429 0.95992595
-0.67677194 0.99646920
-0.74688756 0.99328631
-0.80954051 0.95050424
-0.86410475 0.86982858
-0.91003519 0.75447559
-0.94687283 0.60904402
-0.97424966 0.43933180
-0.99189210 0.25210482
-0.99962389 0.05482721
-0.99736774 -0.14463618
-0.98514628 -0.33833340
-0.96308148 -0.51854229
-0.93139398 -0.67807859
-0.89040023 -0.81058204
-0.84050989 -0.91077012
-0.78222150 -0.97464865
-0.71611738 -0.99967104
-0.64285809 -0.98483968
-0.56317550 -0.93074590
-0.47786593 -0.83954620
-0.38778165 -0.71487641
-0.29382277 -0.56170678
-0.19692811 -0.38614371
-0.09806582 -0.19518627
0.00177631 0.00355262
0.10160070 0.20214988
0.20040992 0.39268807
0.29721671 0.56757104
0.39105383 0.71982670
0.48098364 0.84338516
0.56610763 0.93332052
0.64557528 0.98604733
0.71859252 0.99946356
0.78442985 0.97303432
0.84242940 0.90781325
0.89201170 0.80640060
0.93268126 0.67283922
0.96403182 0.51245391
0.98575008 0.33163866
0.99761909 0.13760205
0.99952018 -0.06192034
0.99143440 -0.25897416
0.97344249 -0.44570351
0.94572431 -0.61466402
0.90855676 -0.75911987
0.86231124 -0.87331200
0.80744976 -0.95268792
0.74452055 -0.99408317
0.67415226 -0.99584746
0.59704810 -0.95791048
0.51397848 -0.88178462
0.42577329 -0.77050477
0.33331394 -0.62850738
0.23752423 -0.46145332
0.13936125 -0.27600262
0.03980582 -0.07954855
-0.06014733 0.12007688
-0.15949951 0.31491521
-0.25725803 0.49719888
-0.35244611 0.65966076
-0.44411266 0.79582411
-0.53134179 0.90026039
-0.61326194 0.96880621
-0.68905455 0.99872875
-0.75796241 0.98883510
-0.81929690 0.93951970
-0.87244523 0.85274869
-0.91687644 0.73198122
-0.95214647 0.58203202
-0.97790301 0.40887898
-0.99388868 0.21942526
-0.99994367 0.02122374
-0.99600762 -0.17782390
-0.98211974 -0.36978227
-0.95841891 -0.54699856
-0.92514181 -0.70240778
-0.88262105 -0.82981420
-0.83128136 -0.92413855
-0.77163583 -0.98162043
-0.70428038 -0.99996817
-0.62988800 -0.97845036
-0.54920197 -0.91792482
-0.46302849 -0.82080448
-0.37222859 -0.69096130
-0.27770948 -0.53357166
-0.18041563 -0.35491017
-0.08131910 -0.16209957
0.01858994 0.03717345
0.11831323 0.23496448
0.21685438 0.42338821
0.31322879 0.59493279
0.40647352 0.74275929
0.49565691 0.86097431
0.57988781 0.94486499
0.65832472 0.99108690
0.73018384 0.99779725
0.79474723 0.96472865
0.85136974 0.89319932
0.89948565 0.78606099
0.93861425 0.64758486
0.96836448 0.48329157
0.98843914 0.29973096
0.99863762 0.10422104
0.99885803 -0.09544385
0.98909825 -0.29130369
0.96945566 -0.47555017
0.94012660 -0.64083797
0.90140414 -0.78057760
0.85367513 -0.88919806
0.79741651 -0.96236897
0.73319030 -0.99717331
0.66163838 -0.99222344
0.58347553 -0.94771677
0.49948278 -0.86542767
0.41049939 -0.74863666
0.31741440 -0.60199988
0.22115794 -0.43136325
0.12269173 -0.24352953
0.02299962 -0.04598707
-0.07692229 0.15338875
-0.17607562 0.34664947
-0.27346966 0.52609032
-0.36813128 0.68455768
-0.45911464 0.81573379
-0.54551071 0.91438925
-0.62645620 0.97659087
-0.70114237 0.99985892
-0.76882291 0.98326570
-0.82882166 0.92747277
-0.88053906 0.83470446
-0.92345846 0.70865911
-0.95715094 0.55436182
-0.98127985 0.37796378
-0.99560422 0.18649757
-0.99998075 -0.01240373
-0.99436587 -0.21081053
-0.97881556 -0.40081298
-0.95348531 -0.57483625
-0.91862810 -0.72594267
-0.87459230 -0.84810799
-0.82181782 -0.93646199
-0.76083207 -0.98748213
-0.69224429 -0.99913454
-0.61673981 -0.97095454
-0.53507310 -0.90406573
-0.44806015 -0.80113459
-0.35657030 -0.66626477
-0.26151770 -0.50483310
-0.16385213 -0.32327530
-0.06454939 -0.12882955
0.03539830 0.07075223
0.13499230 0.26751336
0.23323752 0.45360956
0.32915229 0.62162179
0.42177829 0.76485187
0.51019001 0.87758976
0.59350407 0.95534092
0.67088807 0.99500567
0.74156874 0.99500269
0.80483991 0.95533204
0.86006939 0.87757534
0.90670538 0.76483250
0.94428182 0.62159818
0.97242332 0.45358267
0.99084866 0.26748431
0.99937379 0.07072217
0.99791354 -0.12885945
0.98648244 -0.32330382
0.96519476 -0.50485909
0.93426311 -0.66628724
0.89399666 -0.80115265
0.84479767 -0.90407860
0.78715777 -0.97096175
0.72165281 -0.99913579
0.64893734 -0.98747742
0.56973797 -0.93645138
0.48484588 -0.84809202
0.39510942 -0.72592193
0.30142513 -0.57481164
0.20472911 -0.40078536
0.10598751 -0.21078107
0.00618691 -0.01237359
-0.09367550 0.18652718
-0.19260193 0.37799171
-0.28960398 0.55438685
-0.38371235 0.70868039
-0.47398683 0.83472109
-0.55952537 0.92748410
-0.63947332 0.98327118
-0.71303189 0.99985838
-0.77946609 0.97658437
-0.83811206 0.91437703
-0.88838392 0.81571639
-0.92977935 0.68453568
-0.96188474 0.52606469
-0.98437929 0.34662119
-0.99703825 0.15335897
-0.99973512 -0.04601718
-0.99244297 -0.24355878
-0.97523469 -0.43139043
-0.94828212 -0.60202396
-0.91185468 -0.74865663
-0.86631626 -0.86544275
-0.81212193 -0.94772643
-0.74981314 -0.99222720
-0.68001246 -0.99717104
-0.60341728 -0.96236080
-0.52079302 -0.88918424
-0.43296513 -0.78055876
-0.34081119 -0.64081484
-0.24525198 -0.47552368
-0.14724231 -0.29127488
-0.04776143 -0.09541385
0.05219666 0.10425102
0.15163322 0.29975972
0.24955471 0.48331794
0.34498274 0.64760780
0.43696380 0.78607959
0.52457887 0.89321291
0.60695255 0.96473658
0.68326169 0.99779928
0.75274396 0.99108285
0.81470507 0.94485509
0.86852586 0.86095893
0.91366869 0.74273908
0.94968241 0.59490854
0.97620726 0.42336088
0.99297810 0.23493516
0.99982744 0.03714332
0.99668688 -0.16212931
0.98358774 -0.35493836
0.96066093 -0.53359711
0.92813545 -0.69098306
0.88633645 -0.82082170
0.83568138 -0.91793674
0.77667648 -0.97845656
0.70991129 -0.99996841
0.63605291 -0.98161465
0.55583930 -0.92412704
0.47007191 -0.82979739
0.37960774 -0.70238632
0.28535065 -0.54697335
0.18824242 -0.36975425
0.08925334 -0.17779423
-0.01062754 0.02125388
-0.11040223 0.21945466
-0.20907381 0.40890649
-0.30565640 0.58205652
-0.39918497 0.73200178
-0.48872501 0.85276443
-0.57338190 0.93953007
-0.65230972 0.98883957
-0.72471988 0.99872720
-0.78988886 0.96879870
-0.84716552 0.90024728
-0.89597762 0.79580587
-0.93583745 0.65963811
-0.96634662 0.49717271
-0.98720044 0.31488660
-0.99819040 0.12004695
-0.99920684 -0.07957859
-0.99023950 -0.27603158
-0.97137803 -0.46148008
-0.94281089 -0.62853080
-0.90482348 -0.77052402
-0.85779536 -0.88179886
-0.80219644 -0.95791912
-0.73858225 -0.99585021
-0.66758835 -0.99407989
-0.58992416 -0.95267874
